             precision    recall  f1-score   support

          a       0.85      0.48      0.61        73
          ả       0.83      0.97      0.89       540
          A       0.95      0.91      0.93       404
          à       0.54      0.34      0.42        38
          á       0.99      0.94      0.97       127
          À       0.56      0.62      0.59        16
          ã       0.93      0.87      0.90        15
          Ả       0.50      0.06      0.10        18
          Á       1.00      0.73      0.85        30
          ạ       0.00      0.00      0.00         1

avg / total       0.87      0.88      0.86      1262
