             precision    recall  f1-score   support

         ai       0.96      0.99      0.98      3415
         ái       0.96      0.90      0.93       521
         Ai       0.92      0.62      0.74       156
         ải       0.89      0.67      0.77        98
         aị       0.00      0.00      0.00         1
         Ái       1.00      0.43      0.60         7
         Ải       1.00      1.00      1.00         3
         âi       0.00      0.00      0.00         1
         ảị       0.00      0.00      0.00         1
         ài       0.00      0.00      0.00         1

avg / total       0.96      0.96      0.96      4204
