             precision    recall  f1-score   support

         âm       0.91      0.95      0.93      1863
         Âm       0.93      0.88      0.91       452
         ám       0.86      0.89      0.87       440
         ấm       0.91      0.80      0.85       193
         ảm       0.98      0.98      0.98        66
         ầm       0.84      0.91      0.88       244
         ậm       0.75      0.47      0.58        19
         ẩm       0.85      0.66      0.74        53
         am       0.84      0.51      0.64        70
         Am       0.00      0.00      0.00         7
         Ám       0.83      0.83      0.83         6
         ÂM       0.00      0.00      0.00         2
         Ấm       0.00      0.00      0.00         1
         àm       0.00      0.00      0.00         4
         ẳm       0.00      0.00      0.00         1
         ăm       0.00      0.00      0.00         3
         ẵm       0.00      0.00      0.00         1
         Ầm       0.00      0.00      0.00         1
         ẫm       0.00      0.00      0.00         1

avg / total       0.90      0.90      0.90      3427
