[[1769   21   34    8    1   23    2    3    2    0    0    0    0    0
     0    0    0    0    0]
 [  48  399    2    1    0    1    0    0    1    0    0    0    0    0
     0    0    0    0    0]
 [  32    2  391    3    0    6    0    1    4    0    1    0    0    0
     0    0    0    0    0]
 [  24    1    5  155    0    6    1    1    0    0    0    0    0    0
     0    0    0    0    0]
 [   0    0    0    0   65    1    0    0    0    0    0    0    0    0
     0    0    0    0    0]
 [  19    0    1    0    0  223    0    1    0    0    0    0    0    0
     0    0    0    0    0]
 [  10    0    0    0    0    0    9    0    0    0    0    0    0    0
     0    0    0    0    0]
 [   9    1    6    0    0    2    0   35    0    0    0    0    0    0
     0    0    0    0    0]
 [  20    2   10    0    0    1    0    0   36    1    0    0    0    0
     0    0    0    0    0]
 [   2    1    4    0    0    0    0    0    0    0    0    0    0    0
     0    0    0    0    0]
 [   1    0    0    0    0    0    0    0    0    0    5    0    0    0
     0    0    0    0    0]
 [   1    0    1    0    0    0    0    0    0    0    0    0    0    0
     0    0    0    0    0]
 [   0    0    0    1    0    0    0    0    0    0    0    0    0    0
     0    0    0    0    0]
 [   3    0    0    1    0    0    0    0    0    0    0    0    0    0
     0    0    0    0    0]
 [   1    0    0    0    0    0    0    0    0    0    0    0    0    0
     0    0    0    0    0]
 [   1    0    0    2    0    0    0    0    0    0    0    0    0    0
     0    0    0    0    0]
 [   1    0    0    0    0    0    0    0    0    0    0    0    0    0
     0    0    0    0    0]
 [   0    0    0    0    0    1    0    0    0    0    0    0    0    0
     0    0    0    0    0]
 [   1    0    0    0    0    0    0    0    0    0    0    0    0    0
     0    0    0    0    0]]