             precision    recall  f1-score   support

         ăn       0.86      0.93      0.89      1460
         án       0.84      0.72      0.77       146
         Ấn       0.78      0.76      0.77       109
         ấn       0.75      0.66      0.70       256
         ẩn       0.86      0.90      0.88       781
         An       0.92      0.87      0.89       541
         an       0.90      0.89      0.90       731
         ân       0.90      0.82      0.86       344
         Ẩn       0.40      0.18      0.25        11
         Ân       0.68      0.46      0.55        28
         ắn       0.00      0.00      0.00         1
         ãn       1.00      1.00      1.00         1
         Án       1.00      0.20      0.33         5
         ản       0.00      0.00      0.00         1
         àn       1.00      0.33      0.50         3
         ần       0.00      0.00      0.00         4
         Ăn       0.50      0.14      0.22         7
         ÂN       0.00      0.00      0.00         2
         ẫn       0.00      0.00      0.00         0
         áN       0.00      0.00      0.00         1
         ÁN       0.00      0.00      0.00         1

avg / total       0.86      0.87      0.86      4434
