[[1359    2    3    6   49   14   15    9    0    1    0    0    0    0
     0    0    0    0    2    0    0    0]
 [  24  105    1    3    7    2    3    1    0    0    0    0    0    0
     0    0    0    0    0    0    0    0]
 [   4    1   83   21    0    0    0    0    0    0    0    0    0    0
     0    0    0    0    0    0    0    0]
 [  43    2   16  168   14    3    8    2    0    0    0    0    0    0
     0    0    0    0    0    0    0    0]
 [  45    2    2    5  703    3   16    4    1    0    0    0    0    0
     0    0    0    0    0    0    0    0]
 [  38    6    0    8    5  469   12    1    0    2    0    0    0    0
     0    0    0    0    0    0    0    0]
 [  31    1    1    8   23    9  652    6    0    0    0    0    0    0
     0    0    0    0    0    0    0    0]
 [  23    6    1    3    7    8   11  282    2    1    0    0    0    0
     0    0    0    0    0    0    0    0]
 [   2    0    0    0    2    2    2    1    2    0    0    0    0    0
     0    0    0    0    0    0    0    0]
 [   4    0    0    0    0    1    2    7    0   13    0    0    0    0
     0    0    1    0    0    0    0    0]
 [   1    0    0    0    0    0    0    0    0    0    0    0    0    0
     0    0    0    0    0    0    0    0]
 [   0    0    0    0    0    0    0    0    0    0    0    1    0    0
     0    0    0    0    0    0    0    0]
 [   3    0    0    0    0    0    0    0    0    1    0    0    1    0
     0    0    0    0    0    0    0    0]
 [   0    0    0    0    0    1    0    0    0    0    0    0    0    0
     0    0    0    0    0    0    0    0]
 [   0    0    0    0    1    0    0    1    0    0    0    0    0    0
     1    0    0    0    0    0    0    0]
 [   0    0    0    0    4    0    0    0    0    0    0    0    0    0
     0    0    0    0    0    0    0    0]
 [   4    0    0    0    2    0    0    0    0    0    0    0    0    0
     0    0    1    0    0    0    0    0]
 [   0    0    0    0    0    0    1    0    0    1    0    0    0    0
     0    0    0    0    0    0    0    0]
 [   0    0    0    0    0    0    0    0    0    0    0    0    0    0
     0    0    0    0    0    0    0    0]
 [   0    0    0    1    0    0    0    0    0    0    0    0    0    0
     0    0    0    0    0    0    0    0]
 [   1    0    0    0    0    0    0    0    0    0    0    0    0    0
     0    0    0    0    0    0    0    0]
 [   0    0    0    0    0    0    0    1    0    0    0    0    0    0
     0    0    0    0    0    0    0    0]]