             precision    recall  f1-score   support

        ắng       0.84      1.00      0.91        16
        áng       0.86      0.95      0.90        19
        ằng       1.00      0.50      0.67         2
        ang       0.00      0.00      0.00         2
        ặng       0.00      0.00      0.00         1
        ầng       0.00      0.00      0.00         1
        ậng       0.00      0.00      0.00         1
        ãng       0.00      0.00      0.00         1

avg / total       0.74      0.81      0.77        43
