             precision    recall  f1-score   support

        ánh       0.96      0.98      0.97      2064
        anh       0.92      0.96      0.94      1452
        ảnh       0.98      0.94      0.96       653
        Ảnh       0.85      0.81      0.83        21
        Anh       0.91      0.73      0.81       185
        Ánh       0.00      0.00      0.00        34
        ấnh       0.00      0.00      0.00         1
        ành       0.00      0.00      0.00         1

avg / total       0.94      0.95      0.94      4411
