             precision    recall  f1-score   support

         âu       0.90      0.95      0.92        81
         Âu       0.87      0.97      0.92        62
         ẩu       0.70      0.70      0.70        20
         ấu       1.00      0.65      0.79        20
         AU       0.00      0.00      0.00         2
         au       0.00      0.00      0.00         1
         ÂU       0.00      0.00      0.00         1
         ầu       0.00      0.00      0.00         1

avg / total       0.85      0.87      0.86       188
