             precision    recall  f1-score   support

         ba       0.90      0.95      0.93      3459
         Ba       0.87      0.70      0.78       461
         Bá       0.97      0.95      0.96       779
         bá       0.85      0.77      0.81       398
         bà       0.85      0.86      0.85      1574
         bã       0.98      0.97      0.98       114
         bạ       0.92      0.75      0.83        16
         Bà       0.57      0.37      0.45       109
         bả       0.83      0.83      0.83        35
         bắ       0.00      0.00      0.00         1

avg / total       0.89      0.89      0.89      6946
