             precision    recall  f1-score   support

        bác       0.72      0.68      0.70        79
        bắc       0.58      0.51      0.54       201
        bậc       0.89      0.93      0.91       419
        bạc       0.90      0.94      0.92       790
        Bắc       0.80      0.78      0.79       482
        Bạc       0.95      0.91      0.93        46
        Bậc       1.00      0.57      0.72        23
        Bác       0.50      0.11      0.18         9
        bặc       0.00      0.00      0.00         2
        bấc       0.56      0.62      0.59         8
        Bặc       0.00      0.00      0.00         4
        BẮc       0.00      0.00      0.00         1

avg / total       0.83      0.84      0.83      2064
