[[ 54   3   4  14   4   0   0   0   0   0   0   0]
 [  0 103   6  21  68   0   0   0   0   3   0   0]
 [  4   3 389  17   6   0   0   0   0   0   0   0]
 [ 11   1  17 746  14   1   0   0   0   0   0   0]
 [  2  67  13  21 377   0   0   1   0   1   0   0]
 [  0   0   0   4   0  42   0   0   0   0   0   0]
 [  0   0   7   1   1   1  13   0   0   0   0   0]
 [  4   0   0   2   2   0   0   1   0   0   0   0]
 [  0   0   0   2   0   0   0   0   0   0   0   0]
 [  0   0   0   2   1   0   0   0   0   5   0   0]
 [  0   0   2   1   1   0   0   0   0   0   0   0]
 [  0   1   0   0   0   0   0   0   0   0   0   0]]