             precision    recall  f1-score   support

        bài       0.86      0.86      0.86       484
        bại       0.86      0.94      0.90       641
        bái       0.91      0.88      0.90       359
        bãi       0.83      0.67      0.74       116
        Bái       0.98      0.97      0.98       209
        Bại       0.97      0.95      0.96       148
        bải       1.00      0.25      0.40         8
        Bài       0.00      0.00      0.00         0
        bai       0.76      0.46      0.58        28
        Bãi       1.00      0.33      0.50         6
        bạị       0.00      0.00      0.00         1
        bàị       0.00      0.00      0.00         1

avg / total       0.89      0.89      0.88      2002
