[[417  49  10   3   2   0   0   0   3   0   0   0   0]
 [ 19 603   8   6   0   4   0   1   0   0   0   0   0]
 [ 22  15 316   5   1   0   0   0   0   0   0   0   0]
 [ 14  18   6  78   0   0   0   0   0   0   0   0   0]
 [  1   1   4   0 203   0   0   0   0   0   0   0   0]
 [  1   5   0   0   0 141   0   0   1   0   0   0   0]
 [  1   4   0   1   0   0   2   0   0   0   0   0   0]
 [  0   0   0   0   0   0   0   0   0   0   0   0   0]
 [  8   5   1   0   1   0   0   0  13   0   0   0   0]
 [  2   0   1   1   0   0   0   0   0   2   0   0   0]
 [  1   0   0   0   0   0   0   0   0   0   0   0   0]
 [  0   1   0   0   0   0   0   0   0   0   0   0   0]
 [  1   0   0   0   0   0   0   0   0   0   0   0   0]]