             precision    recall  f1-score   support

        bẩm       0.88      0.98      0.93       266
        bám       0.81      0.88      0.84        97
        băm       0.94      0.91      0.93        34
        Bẩm       0.93      0.96      0.94        26
        bậm       0.00      0.00      0.00         1
        bầm       0.62      0.26      0.37        19
        bặm       0.73      0.67      0.70        12
        bấm       0.93      0.45      0.60        29
        bẫm       0.00      0.00      0.00         5
        bằm       0.00      0.00      0.00         3
        Bấm       0.00      0.00      0.00         1
        Bẫm       0.00      0.00      0.00         1

avg / total       0.84      0.87      0.85       494
