             precision    recall  f1-score   support

        bản       0.86      0.94      0.90      1966
        bạn       0.84      0.83      0.84       667
        ban       0.86      0.84      0.85       474
        bàn       0.90      0.91      0.91      1620
        bần       0.93      0.82      0.87       204
        Bản       0.66      0.44      0.53       151
        bắn       0.83      0.87      0.85       644
        băn       1.00      0.95      0.97        56
        bán       0.80      0.71      0.75       353
        Bàn       0.98      0.97      0.98       672
        bận       0.83      0.67      0.74       143
        bẩn       0.71      0.34      0.46        35
        Ban       0.84      0.51      0.64        41
        Bần       1.00      0.74      0.85        19
        Bạn       0.83      0.36      0.50        14
        Bắn       0.00      0.00      0.00         3
        Bán       1.00      0.50      0.67         4
        bãn       0.00      0.00      0.00         1
        bặn       0.50      0.33      0.40         3
        bẳn       0.00      0.00      0.00         1
        Bân       0.93      0.91      0.92        45
        bấn       0.00      0.00      0.00         0
        bân       1.00      0.67      0.80         3

avg / total       0.87      0.87      0.87      7120
