[[1839   24    9   36    1   22   13    0   10    2    6    2    0    0
     0    0    0    0    1    0    1    0    0    0    0]
 [  57  552    8   18    1    1   18    0    6    1    4    0    0    0
     0    0    0    0    0    0    0    1    0    0    0]
 [  23    7  400   24    0    0    8    0    9    0    2    0    0    0
     0    0    0    0    0    0    1    0    0    0    0]
 [  43   23   17 1482    2    0   35    0   11    1    4    0    1    0
     0    0    0    0    0    0    1    0    0    0    0]
 [  19    1    4    6  168    0    3    0    3    0    0    0    0    0
     0    0    0    0    0    0    0    0    0    0    0]
 [  73    5    2    1    0   67    0    0    1    1    0    0    1    0
     0    0    0    0    0    0    0    0    0    0    0]
 [  19   10    5   27    1    1  559    0   17    2    1    1    0    0
     0    1    0    0    0    0    0    0    0    0    0]
 [   0    0    1    0    0    0    2   53    0    0    0    0    0    0
     0    0    0    0    0    0    0    0    0    0    0]
 [  36   17    8   20    1    0   18    0  250    1    1    1    0    0
     0    0    0    0    0    0    0    0    0    0    0]
 [   3    0    1    9    0    1    2    0    0  655    0    0    1    0
     0    0    0    0    0    0    0    0    0    0    0]
 [  10    5    2   20    0    0    5    0    2    1   96    1    1    0
     0    0    0    0    0    0    0    0    0    0    0]
 [   4    4    1    7    0    0    5    0    1    0    1   12    0    0
     0    0    0    0    0    0    0    0    0    0    0]
 [   2    1    5    1    0    5    3    0    1    1    0    0   21    0
     0    0    0    0    0    0    0    0    0    0    1]
 [   0    0    0    0    5    0    0    0    0    0    0    0    0   14
     0    0    0    0    0    0    0    0    0    0    0]
 [   0    5    1    0    0    3    0    0    0    0    0    0    0    0
     5    0    0    0    0    0    0    0    0    0    0]
 [   0    0    0    0    0    1    1    0    0    0    0    0    0    0
     1    0    0    0    0    0    0    0    0    0    0]
 [   0    0    0    0    0    0    0    0    2    0    0    0    0    0
     0    0    2    0    0    0    0    0    0    0    0]
 [   1    0    0    0    0    0    0    0    0    0    0    0    0    0
     0    0    0    0    0    0    0    0    0    0    0]
 [   1    0    0    0    0    0    1    0    0    0    0    0    0    0
     0    0    0    0    1    0    0    0    0    0    0]
 [   0    0    0    0    0    0    1    0    0    0    0    0    0    0
     0    0    0    0    0    0    0    0    0    0    0]
 [   3    0    0    0    1    0    0    0    0    0    0    0    0    0
     0    0    0    0    0    0   41    0    0    0    0]
 [   0    0    0    0    0    0    0    0    0    0    0    0    0    0
     0    0    0    0    0    0    0    0    0    0    0]
 [   1    0    0    0    0    0    0    0    0    0    0    0    0    0
     0    0    0    0    0    0    0    0    2    0    0]
 [   0    0    0    0    1    0    0    0    0    0    0    0    0    0
     0    0    0    0    0    0    0    0    0    0    0]
 [   0    0    0    0    0    0    0    0    0    0    0    0    0    0
     0    0    0    0    0    0    0    0    0    0    0]]