[[2368    8   37    1   26    1    0    1   10    0    2    0    1    0
     0    0    0]
 [  13  116    1    0    2    0    0    0    1    0    0    0    0    0
     0    0    0]
 [  92    1  251    1    6    0   21    0    0    0    1    0    0    0
     0    0    0]
 [  21    0    0  140   35    0    0    0    0    0    1    0    0    0
     0    0    0]
 [  41    1    4   26  287    0    0    0    0    0    0    0    0    0
     0    0    0]
 [  15    0    0    1    1   24    0    0    0    0    0    0    1    0
     0    0    0]
 [   5    0   15    0    1    0   27    0    0    0    0    0    0    0
     0    0    0]
 [   1    0    0    0    0    0    0   15    0    0    0    0    0    0
     0    0    0]
 [   8    0    2    0    1    0    0    0   86    0    0    0    0    0
     0    0    0]
 [   2    0    0    0    0    0    0    0    0   34    0    0    0    0
     0    0    0]
 [  15    0    2    0    1    0    0    0    0    0    8    0    0    0
     0    0    0]
 [   1    0    0    0    0    0    0    0    0    0    0    2    0    0
     0    0    0]
 [   0    0    0    0    1    0    0    0    0    0    0    0    4    0
     0    0    0]
 [   1    0    0    0    0    0    0    0    0    0    0    0    0    0
     0    0    0]
 [   2    0    0    0    0    0    0    0    0    0    0    0    0    0
     0    0    0]
 [   1    0    0    0    0    0    0    0    0    0    0    0    0    0
     0    0    0]
 [   2    0    0    0    0    0    0    0    0    0    0    0    0    0
     0    0    0]]