             precision    recall  f1-score   support

       bằng       0.91      0.96      0.94      2455
       bàng       0.92      0.87      0.90       133
       băng       0.80      0.67      0.73       373
       Bang       0.83      0.71      0.77       197
       bang       0.80      0.80      0.80       359
       Bằng       0.96      0.57      0.72        42
       Băng       0.56      0.56      0.56        48
       bẵng       0.94      0.94      0.94        16
       Bàng       0.89      0.89      0.89        97
       bâng       1.00      0.94      0.97        36
       bảng       0.67      0.31      0.42        26
       Bảng       1.00      0.67      0.80         3
       báng       0.67      0.80      0.73         5
       bẫng       0.00      0.00      0.00         1
       Bạng       0.00      0.00      0.00         2
       bẳng       0.00      0.00      0.00         1
       bắng       0.00      0.00      0.00         2

avg / total       0.88      0.89      0.88      3796
