[[3188    2   55   68   57    1    6    3    0    0    0    0    0    0
     0    0]
 [  16   43    7    0    4    0    6    2    2    0    0    0    0    0
     0    0]
 [ 103    4 2303    6   23    1    0    5    0    0    0    0    0    0
     0    0]
 [  70    0    2 5650    3    6    0    3    0    1    0    0    0    0
     0    0]
 [ 128    2   18    1  711    0    4    1    0    0    0    0    0    0
     0    0]
 [  11    0   15    5    1   40    1    0    0    0    0    0    0    1
     0    0]
 [  20    0    6    0    8    0   93    0    0    0    0    0    0    0
     0    0]
 [  28    0   10    1    4    0    1  119    0    0    0    0    0    0
     0    0]
 [   1    0    1    0    0    0    0    0    0    0    0    0    0    0
     0    0]
 [   1    0    0    2    0    0    0    0    0    0    0    0    0    0
     0    0]
 [   1    0    0    0    0    0    0    0    0    0    0    0    0    0
     0    0]
 [   1    0    0    0    0    0    1    0    0    0    0    2    0    0
     0    0]
 [   2    0    0    3    2    0    0    0    0    0    0    0    1    0
     0    0]
 [   0    0    0    0    0    0    0    0    0    0    0    0    0    0
     0    0]
 [   1    0    0    0    0    0    0    0    0    0    0    0    0    0
     0    0]
 [   2    0    0    0    0    0    0    0    0    0    0    0    0    0
     0    0]]