             precision    recall  f1-score   support

        bảo       0.89      0.94      0.92      3380
        bão       0.84      0.54      0.66        80
        bao       0.95      0.94      0.95      2445
        Bảo       0.99      0.99      0.99      5735
        báo       0.87      0.82      0.85       865
        Bao       0.83      0.54      0.66        74
        bạo       0.83      0.73      0.78       127
        bào       0.89      0.73      0.80       163
        Bão       0.00      0.00      0.00         2
        BảO       0.00      0.00      0.00         3
        baọ       0.00      0.00      0.00         1
        Bạo       1.00      0.50      0.67         4
        Báo       1.00      0.12      0.22         8
        báọ       0.00      0.00      0.00         0
        bãọ       0.00      0.00      0.00         1

avg / total       0.94      0.94      0.94     12890
