[[3564   35    7   44    2    4    0    5    0    0    0    0    2    0
     0    0]
 [  68 1573    7   13    6    7    7   17    1    0    0    0    0    0
     0    0]
 [  26   24   93    0    0    3    0   10    0    0    0    0    0    0
     0    0]
 [  61    3    0 2920    1    0    0    0    0    0    0    0    0    0
     0    0]
 [  15    8    1    6  345   14    1    1    0    0    0    0    0    0
     0    0]
 [  34   27    2    4   26  238    5    4    0    0    0    0    0    0
     0    0]
 [   9    4    1    2    1    1  687    5    0    0    0    0    0    0
     0    0]
 [  21   28    6    1    1    0    0  668    0    0    0    0    0    0
     0    0]
 [   1   14    0    6    0    0    0    0   11    0    0    0    0    0
     0    0]
 [   1    0    0    1    0    0    0    1    0    4    0    0    0    0
     0    0]
 [   2    1    0    0    0    0    0    0    0    0    9    0    0    0
     0    0]
 [   1    0    0    0    0    0    0    0    0    0    0    0    0    0
     0    0]
 [   1    0    0    0    0    0    0    0    0    0    0    0    0    0
     0    0]
 [   0    0    0    0    0    0    0    0    0    0    1    0    0    0
     0    0]
 [   0    0    0    0    1    0    0    0    0    0    0    0    0    0
     0    0]
 [   1    0    0    0    0    0    0    0    0    0    0    0    0    0
     0    0]]