             precision    recall  f1-score   support

        bất       0.94      0.97      0.95      3663
        bắt       0.92      0.93      0.92      1699
        bạt       0.79      0.60      0.68       156
        Bất       0.97      0.98      0.98      2985
        Bát       0.90      0.88      0.89       391
        bát       0.89      0.70      0.78       340
        Bạt       0.98      0.97      0.97       710
        bật       0.94      0.92      0.93       725
        Bắt       0.92      0.34      0.50        32
        Bật       1.00      0.57      0.73         7
        bặt       0.90      0.75      0.82        12
        bầt       0.00      0.00      0.00         1
        BẤT       0.00      0.00      0.00         1
        Bặt       0.00      0.00      0.00         1
        BáT       0.00      0.00      0.00         1
        BấT       0.00      0.00      0.00         1

avg / total       0.94      0.94      0.94     10725
