             precision    recall  f1-score   support

        bầu       0.95      0.99      0.97       333
        báu       0.95      0.97      0.96        91
        bàu       1.00      0.92      0.96        12
        bậu       1.00      0.50      0.67         4
        bâu       1.00      0.25      0.40         4
        bấu       1.00      0.60      0.75        15
        Bầu       0.00      0.00      0.00         3
        bẩu       0.00      0.00      0.00         1

avg / total       0.95      0.95      0.95       463
