[[1154   26   17    5    1    1    0    2    1    2    0    0    0    0
     0    0    0    0    0]
 [  65  199   17    1    2    2    0    0    1    3    0    0    0    0
     0    0    0    0    0]
 [  43   14  467    1    1    4    0    1    1    5    0    0    0    0
     0    0    0    0    0]
 [   4    3    3  772    6    0    3    0    1    2    0    0    0    0
     0    0    0    0    0]
 [   4    0    3   16  122    1    0    0    0    1    0    0    0    0
     0    0    0    0    0]
 [  10    2    4    0    0   75    0    1    0    1    0    0    0    0
     0    0    0    0    0]
 [   0    0    0   35    0    0  120    0    0    0    0    0    0    0
     0    0    0    0    0]
 [   4    2   12    0    0    3    0   11    1    1    0    0    0    0
     0    0    1    0    0]
 [   4    2    1    0    0    0    0    0   18    0    0    0    0    0
     0    0    0    0    0]
 [  37    5    9    1    0    2    0    0    3   51    0    0    0    0
     0    0    0    0    0]
 [   0    0    0    0    1    0    0    0    0    0    1    0    0    0
     0    0    0    0    0]
 [   0    0   10    1    0    0    0    0    0    0    0    0    0    0
     0    0    0    0    0]
 [   0    0    2    0    0    0    0    0    0    0    0    0    0    0
     0    0    0    0    0]
 [   0    1    0    0    0    0    2    0    0    0    0    0    0    0
     0    0    0    0    0]
 [   2    0    0    0    0    0    0    0    0    0    0    0    0    0
     0    0    0    0    0]
 [   0    1    0    0    0    0    0    0    0    0    0    0    0    0
     0    0    0    0    0]
 [   0    0    0    0    0    0    1    0    0    0    0    0    0    0
     0    0    0    0    0]
 [   0    0    0    0    0    0    0    0    0    1    0    0    0    0
     0    0    0    0    0]
 [   0    0    0    0    0    0    1    0    0    0    0    0    0    0
     0    0    0    0    0]]