             precision    recall  f1-score   support

        bay       0.87      0.95      0.91      1209
        bày       0.78      0.69      0.73       290
        bảy       0.86      0.87      0.86       537
        bây       0.93      0.97      0.95       794
        bấy       0.92      0.83      0.87       147
        bẫy       0.85      0.81      0.83        93
        Bây       0.94      0.77      0.85       155
        bẩy       0.73      0.31      0.44        35
        bậy       0.69      0.72      0.71        25
        bầy       0.76      0.47      0.58       108
        Bấy       1.00      0.50      0.67         2
        Bảy       0.00      0.00      0.00        11
        bãy       0.00      0.00      0.00         2
        Bày       0.00      0.00      0.00         3
        Bay       0.00      0.00      0.00         2
        BàY       0.00      0.00      0.00         1
        Bẩy       0.00      0.00      0.00         1
        Bầy       0.00      0.00      0.00         1
        Bậy       0.00      0.00      0.00         1

avg / total       0.87      0.88      0.87      3417
