             precision    recall  f1-score   support

         bé       0.86      0.95      0.90       384
         bế       0.77      0.80      0.78        74
         bể       0.59      0.47      0.52        47
         bề       0.88      0.92      0.90       355
         bẻ       0.87      0.57      0.69        58
         bè       0.84      0.88      0.86       139
         bê       0.65      0.38      0.48        29
         bẽ       0.65      0.73      0.69        33
         bệ       1.00      0.71      0.83        42
         be       0.95      0.88      0.91        24
         Bế       1.00      0.33      0.50         3
         Bề       0.00      0.00      0.00         5
         Bè       0.00      0.00      0.00         2
         bẹ       1.00      0.33      0.50         3
         Bệ       0.00      0.00      0.00         1
         Bể       0.00      0.00      0.00         2

avg / total       0.84      0.85      0.84      1201
