[[363   4   5   6   0   4   0   2   0   0   0   0   0   0   0   0]
 [  6  59   1   3   1   2   1   1   0   0   0   0   0   0   0   0]
 [  9   0  22   9   0   4   2   1   0   0   0   0   0   0   0   0]
 [ 12   5   3 326   0   0   2   7   0   0   0   0   0   0   0   0]
 [ 10   2   4   3  32   6   0   1   0   0   0   0   0   0   0   0]
 [  8   3   0   2   0 123   1   2   0   0   0   0   0   0   0   0]
 [  2   1   1   6   2   5  11   1   0   0   0   0   0   0   0   0]
 [  3   0   0   4   1   1   0  24   0   0   0   0   0   0   0   0]
 [  2   1   1   3   1   1   1   0  32   0   0   0   0   0   0   0]
 [  2   0   0   0   0   0   1   0   0  21   0   0   0   0   0   0]
 [  1   1   0   0   0   0   0   0   0   0   1   0   0   0   0   0]
 [  0   0   0   5   0   0   0   0   0   0   0   0   0   0   0   0]
 [  0   0   0   0   0   2   0   0   0   0   0   0   0   0   0   0]
 [  1   0   0   0   0   0   0   0   0   1   0   0   0   1   0   0]
 [  0   0   0   0   0   0   0   0   1   0   0   0   0   0   0   0]
 [  0   0   0   2   0   0   0   0   0   0   0   0   0   0   0   0]]