             precision    recall  f1-score   support

        bên       0.96      0.99      0.98      5265
        bèn       0.89      0.73      0.80       361
        bến       0.74      0.50      0.59       103
        bén       0.99      0.86      0.92       139
        bện       0.00      0.00      0.00         4
        bẽn       0.91      0.97      0.94        40
        Bên       0.96      0.45      0.61        51
        bền       0.86      0.38      0.52        16
        ben       0.00      0.00      0.00         3
        bẻn       0.00      0.00      0.00         1
        Bến       0.00      0.00      0.00         1

avg / total       0.95      0.96      0.95      5984
