[[5215   26   19    1    0    1    1    2    0    0    0]
 [  91  268    1    0    0    1    0    0    0    0    0]
 [  43    5   54    0    0    1    0    0    0    0    0]
 [  17    2    1  119    0    0    0    0    0    0    0]
 [   4    0    0    0    0    0    0    0    0    0    0]
 [   0    1    0    0    0   38    0    0    0    1    0]
 [  26    0    0    0    0    0   25    0    0    0    0]
 [  10    0    0    0    0    0    0    6    0    0    0]
 [   2    1    0    0    0    0    0    0    0    0    0]
 [   0    0    0    0    0    1    0    0    0    0    0]
 [   1    0    0    0    0    0    0    0    0    0    0]]