             precision    recall  f1-score   support

         bị       0.97      0.99      0.98      7118
         bi       0.83      0.57      0.68       207
         bí       0.93      0.90      0.92       938
         bỉ       0.88      0.80      0.84       143
         Bị       0.33      0.09      0.14        11
         bì       0.89      0.76      0.82       129
         Bí       0.50      0.08      0.14        12
         bĩ       0.00      0.00      0.00         1
         Bi       0.94      0.76      0.84        38
         Bỉ       0.93      0.50      0.65        26
         Bì       1.00      0.75      0.86         8
         BI       0.00      0.00      0.00         1

avg / total       0.95      0.96      0.95      8632
