[[7035   22   46    6    0    7    0    0    1    1    0    0]
 [  85  119    0    0    0    2    0    0    1    0    0    0]
 [  85    3  846    1    0    2    1    0    0    0    0    0]
 [  24    0    3  115    0    1    0    0    0    0    0    0]
 [  10    0    0    0    1    0    0    0    0    0    0    0]
 [  29    0    2    0    0   98    0    0    0    0    0    0]
 [   2    0    9    0    0    0    1    0    0    0    0    0]
 [   0    0    0    1    0    0    0    0    0    0    0    0]
 [   9    0    0    0    0    0    0    0   29    0    0    0]
 [   3    0    1    7    2    0    0    0    0   13    0    0]
 [   2    0    0    0    0    0    0    0    0    0    6    0]
 [   1    0    0    0    0    0    0    0    0    0    0    0]]