             precision    recall  f1-score   support

       biến       0.94      0.99      0.97      1906
       Biến       0.86      0.55      0.67        11
       biện       0.96      0.85      0.90       157
       biển       0.87      0.86      0.87       318
       biên       0.94      0.86      0.90       228
       biền       0.00      0.00      0.00         5
       Biển       1.00      0.14      0.25         7
       Biên       0.98      0.84      0.90       116
       Biện       0.75      0.25      0.38        12
       bíên       0.00      0.00      0.00         1
       bién       0.00      0.00      0.00         1
       Biền       0.57      0.36      0.44        11
       BIếN       0.00      0.00      0.00         1

avg / total       0.93      0.94      0.93      2774
