[[1882    0    4   18    1    0    0    0    0    0    0    1    0]
 [   4    6    0    1    0    0    0    0    0    0    0    0    0]
 [  20    0  133    4    0    0    0    0    0    0    0    0    0]
 [  39    0    1  274    2    0    0    0    0    0    0    2    0]
 [  20    0    0    9  197    0    0    2    0    0    0    0    0]
 [   2    0    0    0    3    0    0    0    0    0    0    0    0]
 [   3    0    0    3    0    0    1    0    0    0    0    0    0]
 [   9    1    0    2    6    0    0   97    1    0    0    0    0]
 [   8    0    0    0    1    0    0    0    3    0    0    0    0]
 [   1    0    0    0    0    0    0    0    0    0    0    0    0]
 [   1    0    0    0    0    0    0    0    0    0    0    0    0]
 [   3    0    0    4    0    0    0    0    0    0    0    4    0]
 [   1    0    0    0    0    0    0    0    0    0    0    0    0]]