             precision    recall  f1-score   support

       biết       0.99      1.00      0.99      9095
       biệt       0.97      0.90      0.93       708
       biêt       0.00      0.00      0.00         4
       Biết       1.00      0.65      0.79        23
       bíêt       0.00      0.00      0.00         2
       BIệT       0.00      0.00      0.00         1
       Biệt       0.00      0.00      0.00         5
       BIỆT       1.00      1.00      1.00         1
       biét       0.00      0.00      0.00         2
       bịêt       0.00      0.00      0.00         1

avg / total       0.99      0.99      0.99      9842
