[[1524   73   21    0    0    0    0    0    0    0    0]
 [  44 1775   11   14    2    1    0    1    0    0    0]
 [  26   32 1818    1    0    0    1    0    0    1    0]
 [   1   22    3   19    0    0    0    0    0    0    0]
 [   1    1    0    0   11    0    0    0    0    0    0]
 [   4    7    0    0    0    9    0    0    0    0    0]
 [   2    5    1    0    0    0    7    0    0    0    0]
 [   0    2    1    0    0    0    0    2    0    0    0]
 [   0    0    0    0    0    0    0    0    2    0    0]
 [   0    0    0    0    0    0    0    0    0    1    0]
 [   1    0    0    0    0    0    0    0    0    0    0]]