             precision    recall  f1-score   support

       bình       0.95      0.94      0.95      1618
       binh       0.93      0.96      0.94      1848
       Bình       0.98      0.97      0.97      1879
       Binh       0.56      0.42      0.48        45
       bỉnh       0.85      0.85      0.85        13
       bịnh       0.90      0.45      0.60        20
       Bính       0.88      0.47      0.61        15
       bính       0.67      0.40      0.50         5
       bĩnh       1.00      1.00      1.00         2
       BÌNH       0.50      1.00      0.67         1
       Bịnh       0.00      0.00      0.00         1

avg / total       0.95      0.95      0.95      5447
