             precision    recall  f1-score   support

         bộ       0.84      0.94      0.89      1631
         bỏ       0.86      0.90      0.88      1619
         bờ       0.87      0.87      0.87       467
         Bổ       0.57      0.44      0.50         9
         bò       0.79      0.57      0.66       208
         bố       0.87      0.80      0.83       392
         Bộ       0.61      0.39      0.47        57
         bổ       0.84      0.74      0.78       272
         bở       0.87      0.82      0.85        40
         bõ       0.91      0.67      0.77        15
         bó       0.87      0.75      0.81       122
         Bồ       0.83      0.66      0.73        79
         bợ       1.00      0.65      0.79        23
         Bố       0.94      0.80      0.86       157
         bô       1.00      0.43      0.60         7
         bọ       0.80      0.21      0.33        19
         BỒ       0.33      0.33      0.33         6
         Bỏ       0.00      0.00      0.00         4
         Bớ       1.00      0.43      0.60         7
         bồ       0.67      0.60      0.63        65
         Bờ       0.00      0.00      0.00         1
         bơ       0.75      0.50      0.60         6
         bỡ       0.00      0.00      0.00         3
         Bò       0.00      0.00      0.00         1
         bo       0.00      0.00      0.00         1
         bỗ       0.00      0.00      0.00         1

avg / total       0.85      0.85      0.85      5212
