[[1526   43   21    1    5    9    6   14    0    0    2    0    0    3
     0    0    0    0    0    1    0    0    0    0    0    0]
 [ 104 1461   10    0   11    9    0    8    4    1    3    0    0    2
     0    0    0    0    0    5    0    1    0    0    0    0]
 [  27   17  407    0    3    4    0    1    0    0    4    0    0    0
     0    1    0    1    0    2    0    0    0    0    0    0]
 [   1    4    0    4    0    0    0    0    0    0    0    0    0    0
     0    0    0    0    0    0    0    0    0    0    0    0]
 [  15   45    7    1  119    5    0   10    0    0    5    0    0    1
     0    0    0    0    0    0    0    0    0    0    0    0]
 [  32   36    4    0    3  312    3    1    0    0    0    0    0    1
     0    0    0    0    0    0    0    0    0    0    0    0]
 [  24    8    1    0    0    2   22    0    0    0    0    0    0    0
     0    0    0    0    0    0    0    0    0    0    0    0]
 [  19   32    9    1    6    4    0  200    1    0    0    0    0    0
     0    0    0    0    0    0    0    0    0    0    0    0]
 [   2    3    1    0    0    0    0    1   33    0    0    0    0    0
     0    0    0    0    0    0    0    0    0    0    0    0]
 [   0    0    0    0    0    3    0    2    0   10    0    0    0    0
     0    0    0    0    0    0    0    0    0    0    0    0]
 [  14   14    1    0    1    0    0    0    0    0   92    0    0    0
     0    0    0    0    0    0    0    0    0    0    0    0]
 [   5    5    1    0    0    0    1    0    0    0    0   52    0    0
     0    0    4    0    0   11    0    0    0    0    0    0]
 [   5    2    0    0    0    0    0    0    0    0    0    1   15    0
     0    0    0    0    0    0    0    0    0    0    0    0]
 [  11    7    0    0    1    9    0    1    0    0    0    2    0  125
     0    0    0    1    0    0    0    0    0    0    0    0]
 [   0    2    1    0    1    0    0    0    0    0    0    0    0    0
     3    0    0    0    0    0    0    0    0    0    0    0]
 [   6    6    1    0    1    0    0    1    0    0    0    0    0    0
     0    4    0    0    0    0    0    0    0    0    0    0]
 [   1    0    1    0    0    0    0    0    0    0    0    2    0    0
     0    0    2    0    0    0    0    0    0    0    0    0]
 [   0    3    0    0    0    0    1    0    0    0    0    0    0    0
     0    0    0    0    0    0    0    0    0    0    0    0]
 [   1    0    0    0    0    0    3    0    0    0    0    0    0    0
     0    0    0    0    3    0    0    0    0    0    0    0]
 [   5   12    2    0    0    0    0    0    0    0    0    6    0    1
     0    0    0    0    0   39    0    0    0    0    0    0]
 [   0    0    1    0    0    0    0    0    0    0    0    0    0    0
     0    0    0    0    0    0    0    0    0    0    0    0]
 [   3    0    0    0    0    0    0    0    0    0    0    0    0    0
     0    0    0    0    0    0    0    3    0    0    0    0]
 [   3    0    0    0    0    0    0    0    0    0    0    0    0    0
     0    0    0    0    0    0    0    0    0    0    0    0]
 [   1    0    0    0    0    0    0    0    0    0    0    0    0    0
     0    0    0    0    0    0    0    0    0    0    0    0]
 [   1    0    0    0    0    0    0    0    0    0    0    0    0    0
     0    0    0    0    0    0    0    0    0    0    0    0]
 [   0    1    0    0    0    0    0    0    0    0    0    0    0    0
     0    0    0    0    0    0    0    0    0    0    0    0]]