[[788   2   5   6   1   1   1   0   0   1   0   0   0   0   0   0   0   0]
 [  5 179  19   2   2   0   0   0   0   0   0   0   0   0   0   0   0   0]
 [ 10   4 612   3   5   0   1   0   0   0   5   0   0   0   0   0   0   0]
 [  2   1   6 223   0   0   0   0   0   0   0   0   0   0   0   0   0   0]
 [  1   6  14   1  51   0   2   0   1   0   0   0   0   0   0   0   0   0]
 [  2   1   1   0   0   0   0   0   0   0   0   0   0   0   0   0   0   0]
 [  1   2  11   5   1   0  27   0   1   0   0   0   0   0   0   0   0   0]
 [  0   2   4   0   1   0   3  23   0   0   0   0   0   0   0   0   0   0]
 [  0   0   3   0   0   0   0   0  32   0   0   0   0   0   0   0   0   0]
 [  0   3   2   1   0   0   1   0   0   0   0   0   0   0   0   0   0   0]
 [  0   0   7   0   0   0   0   0   0   0   0   0   0   0   0   0   0   0]
 [  3   0   0   0   0   0   0   0   0   0   0   0   0   0   0   0   0   0]
 [  0   0   0   1   0   0   0   0   0   0   0   0   0   0   0   0   0   0]
 [  1   0  11   0   1   0   0   0   0   0   0   0   0   4   0   0   0   0]
 [  0   0   0   0   0   0   0   0   0   0   0   0   0   1   0   0   0   0]
 [  0   0   1   0   0   0   0   0   0   0   0   0   0   0   0   0   0   0]
 [  1   0   0   0   0   0   0   0   0   0   0   0   0   0   0   0   0   0]
 [  0   0   0   1   0   0   0   0   0   0   0   0   0   0   0   0   0   0]]