             precision    recall  f1-score   support

        bối       0.97      0.98      0.97       805
        bồi       0.90      0.86      0.88       207
        bởi       0.88      0.96      0.92       640
        bội       0.92      0.96      0.94       232
        bơi       0.82      0.67      0.74        76
        Bối       0.00      0.00      0.00         4
        bôi       0.77      0.56      0.65        48
        bới       1.00      0.70      0.82        33
        bời       0.94      0.91      0.93        35
        bói       0.00      0.00      0.00         7
        bởI       0.00      0.00      0.00         7
        bốI       0.00      0.00      0.00         3
        bộI       0.00      0.00      0.00         1
        Bởi       0.80      0.24      0.36        17
        Bơi       0.00      0.00      0.00         1
        bỡi       0.00      0.00      0.00         1
        Bồi       0.00      0.00      0.00         1
        bọi       0.00      0.00      0.00         1

avg / total       0.91      0.92      0.91      2119
