             precision    recall  f1-score   support

        bợm       1.00      0.50      0.67         4
        bồm       0.00      0.00      0.00         2
        bỏm       0.00      0.00      0.00         2
        bõm       0.22      0.40      0.29         5
        bờm       0.00      0.00      0.00         1
        bơm       0.00      0.00      0.00         1
        bôm       0.00      0.00      0.00         2
        bom       0.00      0.00      0.00         3
        bòm       0.00      0.00      0.00         2
        bốm       0.00      0.00      0.00         1

avg / total       0.22      0.17      0.18        23
