[[5446  172    2   13    0    0    1    8    1    0    1    0    1    0
     0]
 [ 265 1371    0    1    0    0    0    3    1    2    0    0    0    0
     0]
 [   2   28    9   22    0    0    0    1    0    0    0    0    0    0
     0]
 [ 131   13    5  400    0    0    0    2    0    0    0    0    0    0
     0]
 [   1    3    0    0    1    0    0    0    0    0    0    0    0    0
     0]
 [   7    4    0    0    0   29    0    0    0    0    0    0    0    0
     0]
 [   5    7    0    0    0    0   67    0    0    0    0    0    0    0
     0]
 [  63   10    0    1    0    0    0  115    0    0    0    0    2    0
     0]
 [   2    2    0    0    0    0    0    1    1    0    0    0    0    0
     0]
 [   5    2    0    0    0    0    0    0    0   10    0    0    0    0
     0]
 [   6    0    0    0    0    0    0    0    0    0    6    0    0    0
     0]
 [   2    2    0    0    0    0    0    0    0    0    0   23    0    0
     0]
 [   2    1    0    1    0    0    0    8    0    0    0    0    6    0
     0]
 [   1    1    0    0    0    0    0    0    0    0    0    0    0    0
     0]
 [   0    0    0    1    0    0    0    0    0    0    0    0    0    0
     0]]