             precision    recall  f1-score   support

        bọn       0.92      0.96      0.94      5645
        bốn       0.85      0.83      0.84      1643
        Bốn       0.56      0.15      0.23        62
        Bọn       0.91      0.73      0.81       551
        bộn       1.00      0.20      0.33         5
        bôn       1.00      0.72      0.84        40
        bồn       0.99      0.85      0.91        79
        bổn       0.83      0.60      0.70       191
        bón       0.33      0.17      0.22         6
        bỡn       0.83      0.59      0.69        17
        bon       0.86      0.50      0.63        12
        Bôn       1.00      0.85      0.92        27
        Bổn       0.67      0.33      0.44        18
        bợn       0.00      0.00      0.00         2
        Bon       0.00      0.00      0.00         1

avg / total       0.90      0.90      0.90      8299
