[[ 939   37    0    5    5    4    2    0    0    2    0    0    0    0
     0    0    0]
 [  54 1096    8    4    0    6    2    0    0    0    1    0    0    0
     0    0    0]
 [   4    5    3    0    1    0    0    0    0    0    0    0    0    0
     0    0    0]
 [  26    6    0   25    0    1    3    0    1    0    0    0    0    0
     0    0    0]
 [  39    2    0    0   38    0    0    0    0    0    0    0    0    0
     0    0    0]
 [  37    6    0    1    1   68    4    0    0    0    5    0    0    0
     0    0    0]
 [  10   14    0    0    0    0   41    0    0    0    0    0    0    0
     0    0    0]
 [   3    8    0    0    1    0    0    0    0    0    0    0    0    0
     0    0    0]
 [   0    0    0    0    0    0    0    0    5    0    0    0    0    0
     0    0    0]
 [  10    3    0    0    0    1    0    0    0   48    0    0    0    0
     0    0    0]
 [   0    1    0    0    0   15    0    0    0    0   14    0    0    0
     0    0    0]
 [   6    0    0    0    0    0    0    0    0    0    0    0    0    0
     0    0    0]
 [   1    2    0    0    0    0    0    0    0    0    0    0    0    0
     0    0    0]
 [   2    0    0    0    0    0    0    0    0    0    0    0    0    0
     0    0    0]
 [   1    1    0    0    0    0    0    0    0    0    0    0    0    0
     0    0    0]
 [   0    0    0    0    0    0    1    0    0    0    0    0    0    0
     0    0    0]
 [   0    0    0    0    0    0    0    0    1    0    0    0    0    0
     0    0    0]]