             precision    recall  f1-score   support

       bỗng       0.83      0.94      0.88       994
       bóng       0.93      0.94      0.93      1171
       bong       0.27      0.23      0.25        13
       bồng       0.71      0.40      0.52        62
       Bỗng       0.83      0.48      0.61        79
       bổng       0.72      0.56      0.63       122
       bông       0.77      0.63      0.69        65
       Bóng       0.00      0.00      0.00        12
       bòng       0.71      1.00      0.83         5
       bỏng       0.96      0.77      0.86        62
       Bổng       0.70      0.47      0.56        30
       bống       0.00      0.00      0.00         6
       bọng       0.00      0.00      0.00         3
       Bồng       0.00      0.00      0.00         2
       bộng       0.00      0.00      0.00         2
       Bông       0.00      0.00      0.00         1
       Bong       0.00      0.00      0.00         1

avg / total       0.85      0.87      0.85      2630
