[[ 78  13   5   2   0   0   0   1   0   0   0]
 [  5 350   1   6   3   0   0   0   0   0   0]
 [  0  13  34   0   1   0   0   1   0   0   0]
 [  2  26   0   4   1   0   0   0   0   0   0]
 [  0  28   0   0  78   1   0   0   0   0   0]
 [  0   0   0   0   2   0   0   0   0   0   0]
 [  0   1   0   1   0   0   2   0   0   0   0]
 [  2  10   2   0   0   0   0   7   0   0   0]
 [  0   0   0   0   0   0   0   0   1   0   0]
 [  0   2   0   0   0   0   0   0   0   0   0]
 [  0   1   0   0   0   0   0   0   0   0   0]]