             precision    recall  f1-score   support

        bừa       0.90      0.79      0.84        99
        bữa       0.79      0.96      0.87       365
        búa       0.81      0.69      0.75        49
        bửa       0.31      0.12      0.17        33
        Bữa       0.92      0.73      0.81       107
        Bửa       0.00      0.00      0.00         2
        bủa       1.00      0.50      0.67         4
        bùa       0.78      0.33      0.47        21
        bứa       1.00      1.00      1.00         1
        bua       0.00      0.00      0.00         2
        bụa       0.00      0.00      0.00         1

avg / total       0.80      0.81      0.79       684
