             precision    recall  f1-score   support

        bụi       0.90      1.00      0.95       234
        Bùi       1.00      0.92      0.96        36
        bùi       1.00      0.75      0.86        12
        bụI       0.00      0.00      0.00         5
        búi       0.93      0.57      0.70        23
        Bụi       0.00      0.00      0.00         3
        bui       0.00      0.00      0.00         1
        Búi       0.00      0.00      0.00         1
        buị       0.00      0.00      0.00         1

avg / total       0.89      0.91      0.89       316
