             precision    recall  f1-score   support

       bừng       0.90      0.91      0.90       291
       bụng       0.96      0.99      0.97       893
       bùng       0.69      0.64      0.67        70
       bưng       0.92      0.90      0.91       144
       búng       0.93      0.80      0.86        71
       bung       0.43      0.27      0.33        11
       Bùng       0.00      0.00      0.00         2
       Bụng       1.00      0.20      0.33         5
       bủng       0.00      0.00      0.00         2

avg / total       0.92      0.93      0.92      1489
