             precision    recall  f1-score   support

         cả       0.96      0.99      0.97      5491
         ca       0.97      0.96      0.96      1852
         Ca       0.86      0.77      0.81        74
         Cả       0.88      0.39      0.54        95
         cá       0.85      0.62      0.72       204
         Cà       0.00      0.00      0.00         2
         cà       0.91      0.79      0.85        80
         Cá       0.00      0.00      0.00         2
         cạ       0.00      0.00      0.00         4

avg / total       0.96      0.96      0.96      7804
