             precision    recall  f1-score   support

        cái       0.95      0.99      0.97      3530
        Cái       0.98      0.77      0.86       311
        cãi       0.96      0.76      0.85       143
        cải       0.90      0.65      0.76       158
        cài       0.86      0.42      0.56        60
        cai       0.77      0.74      0.76        23
        Cài       0.00      0.00      0.00         0
        CãI       0.00      0.00      0.00         1
        Cãi       0.00      0.00      0.00         1

avg / total       0.95      0.95      0.94      4228
