             precision    recall  f1-score   support

        cảm       0.97      0.98      0.98      3908
        cầm       0.87      0.94      0.90      1503
        cấm       0.85      0.75      0.80       226
        căm       0.89      0.92      0.91       146
        cắm       0.82      0.63      0.71       181
        Cầm       0.95      0.95      0.95       310
        cằm       1.00      0.35      0.52        34
        cạm       0.92      0.97      0.94        60
        CẢM       0.00      0.00      0.00         1
        cám       0.40      0.19      0.26        32
        Cam       0.84      0.55      0.67        29
        Câm       0.50      0.50      0.50         4
        cam       0.90      0.77      0.83       133
        Cám       0.00      0.00      0.00         8
        cẩm       0.89      0.53      0.67        15
        Cấm       1.00      0.25      0.40         4
        Cẩm       0.75      0.20      0.32        15
        câm       0.81      0.41      0.55        51
        Cảm       0.67      0.43      0.52        14
        cặm       0.00      0.00      0.00         4
        cãm       0.00      0.00      0.00         1
        cậm       0.00      0.00      0.00         1
        Căm       0.00      0.00      0.00         1

avg / total       0.93      0.93      0.93      6681
