[[3849   38    3    5    0    1    0    0    0    8    0    0    1    0
     0    0    1    1    1    0    0    0    0]
 [  31 1420   14    5   13   10    0    1    0    0    0    0    5    0
     1    0    0    2    1    0    0    0    0]
 [  14   32  169    1    3    4    0    0    0    0    1    0    1    0
     0    0    0    1    0    0    0    0    0]
 [   3    6    1  135    0    0    0    0    0    0    0    0    1    0
     0    0    0    0    0    0    0    0    0]
 [   4   56    3    1  114    0    0    2    0    0    0    0    1    0
     0    0    0    0    0    0    0    0    0]
 [   3   11    0    0    0  296    0    0    0    0    0    0    0    0
     0    0    0    0    0    0    0    0    0]
 [   0   15    4    1    1    0   12    0    0    0    1    0    0    0
     0    0    0    0    0    0    0    0    0]
 [   2    0    0    0    0    0    0   58    0    0    0    0    0    0
     0    0    0    0    0    0    0    0    0]
 [   0    0    0    0    0    0    0    0    0    1    0    0    0    0
     0    0    0    0    0    0    0    0    0]
 [  22    1    0    0    2    0    0    0    0    6    0    0    1    0
     0    0    0    0    0    0    0    0    0]
 [   2    9    1    0    1    0    0    0    0    0   16    0    0    0
     0    0    0    0    0    0    0    0    0]
 [   0    0    0    0    0    0    0    0    0    0    0    2    0    1
     0    0    0    1    0    0    0    0    0]
 [   8   18    0    3    1    0    0    0    0    0    0    0  103    0
     0    0    0    0    0    0    0    0    0]
 [   6    0    0    0    0    0    0    0    0    0    0    1    0    0
     0    0    0    0    1    0    0    0    0]
 [   4    3    0    0    0    0    0    0    0    0    0    0    0    0
     8    0    0    0    0    0    0    0    0]
 [   1    0    1    0    0    1    0    0    0    0    0    0    0    0
     0    1    0    0    0    0    0    0    0]
 [   4    6    1    0    0    1    0    0    0    0    0    0    0    0
     0    0    3    0    0    0    0    0    0]
 [   3   19    1    0    2    0    0    1    0    0    1    1    2    0
     0    0    0   21    0    0    0    0    0]
 [   7    1    0    0    0    0    0    0    0    0    0    0    0    0
     0    0    0    0    6    0    0    0    0]
 [   0    1    0    0    2    0    0    1    0    0    0    0    0    0
     0    0    0    0    0    0    0    0    0]
 [   1    0    0    0    0    0    0    0    0    0    0    0    0    0
     0    0    0    0    0    0    0    0    0]
 [   0    1    0    0    0    0    0    0    0    0    0    0    0    0
     0    0    0    0    0    0    0    0    0]
 [   0    0    0    1    0    0    0    0    0    0    0    0    0    0
     0    0    0    0    0    0    0    0    0]]