             precision    recall  f1-score   support

        căn       0.92      0.93      0.93       743
        cần       0.92      0.97      0.94      2591
        cản       0.85      0.86      0.85       302
        cận       0.91      0.86      0.88       210
        cắn       0.78      0.66      0.71       142
        cẩn       0.94      0.92      0.93       548
        cán       0.77      0.54      0.63        67
        cân       0.77      0.65      0.71       170
        Cận       1.00      1.00      1.00       243
        càn       0.92      0.81      0.86       112
        can       0.88      0.86      0.87       280
        cạn       0.89      0.79      0.83       121
        Căn       0.76      0.87      0.81       159
        cằn       0.67      0.60      0.63        10
        Cán       0.53      0.31      0.40        54
        cặn       0.62      0.67      0.64        12
        Can       0.94      0.81      0.87        37
        Càn       0.86      0.89      0.88        64
        Cần       0.71      0.22      0.33        23
        Cân       0.62      0.79      0.70        19
        Cẩn       0.00      0.00      0.00         6
        cấn       0.00      0.00      0.00         2
        Cắn       0.00      0.00      0.00         1
        Cạn       0.00      0.00      0.00         3

avg / total       0.89      0.90      0.89      5919
