[[ 688   32    4    1    2    2    1    3    0    1    4    2    3    0
     0    0    0    0    0    0    0    0    0    0]
 [  23 2503    7    4   13    6    3   11    0    2   11    3    0    0
     0    2    1    1    1    0    0    0    0    0]
 [   2   27  260    1    2    1    0    4    0    1    2    1    0    0
     0    0    0    1    0    0    0    0    0    0]
 [   2    7    1  181    1   10    0    0    0    0    5    0    0    0
     0    2    0    0    0    1    0    0    0    0]
 [   1   28    8    1   94    1    1    1    0    0    2    3    1    0
     0    0    0    0    0    0    0    1    0    0]
 [   3   29    1    7    1  502    2    1    0    0    2    0    0    0
     0    0    0    0    0    0    0    0    0    0]
 [   5   11    6    0    2    1   36    2    0    1    0    2    1    0
     0    0    0    0    0    0    0    0    0    0]
 [   8   23   13    1    3    1    1  111    0    0    1    0    0    2
     0    0    0    0    0    6    0    0    0    0]
 [   0    0    0    0    0    0    0    0  243    0    0    0    0    0
     0    0    0    0    0    0    0    0    0    0]
 [   2    6    0    0    1    1    0    3    0   91    1    1    0    0
     0    1    0    5    0    0    0    0    0    0]
 [   2   23    3    2    1    0    1    2    0    2  241    0    0    0
     0    0    1    1    0    1    0    0    0    0]
 [   0   14    2    0    1    1    1    4    0    0    2   95    0    1
     0    0    0    0    0    0    0    0    0    0]
 [   4    2    0    0    0    0    0    0    0    0    0    0  138    0
    15    0    0    0    0    0    0    0    0    0]
 [   0    2    0    0    0    0    0    0    0    1    1    0    0    6
     0    0    0    0    0    0    0    0    0    0]
 [   0    0    0    1    0    1    0    0    0    0    0    0   35    0
    17    0    0    0    0    0    0    0    0    0]
 [   1    2    0    0    0    0    1    0    0    0    0    0    0    0
     0    8    0    0    0    0    0    0    0    0]
 [   1    1    1    0    0    0    0    0    0    0    2    0    0    0
     0    0   30    1    1    0    0    0    0    0]
 [   1    3    1    0    0    1    0    0    0    0    0    0    0    0
     0    0    0   57    0    1    0    0    0    0]
 [   0   13    0    1    0    0    0    0    0    0    0    0    3    0
     0    0    0    0    5    0    1    0    0    0]
 [   0    2    0    0    0    0    0    2    0    0    0    0    0    0
     0    0    0    0    0   15    0    0    0    0]
 [   0    1    0    0    0    4    0    0    0    0    0    0    1    0
     0    0    0    0    0    0    0    0    0    0]
 [   0    2    0    0    0    0    0    0    0    0    0    0    0    0
     0    0    0    0    0    0    0    0    0    0]
 [   0    1    0    0    0    0    0    0    0    0    0    0    0    0
     0    0    0    0    0    0    0    0    0    0]
 [   1    1    0    0    0    0    0    0    1    0    0    0    0    0
     0    0    0    0    0    0    0    0    0    0]]