             precision    recall  f1-score   support

       càng       0.98      1.00      0.99      2982
       căng       0.91      0.78      0.84       116
       Càng       0.80      0.25      0.38        16
       cẳng       0.83      0.46      0.59        41
       cẫng       0.73      1.00      0.84         8
       cáng       0.80      0.24      0.36        17
       cảng       0.76      0.72      0.74        18
       cang       0.00      0.00      0.00         1
       Cang       1.00      0.40      0.57         5
       cẩng       0.00      0.00      0.00         2
       Cảng       0.00      0.00      0.00         1
       Cẳng       0.00      0.00      0.00         1

avg / total       0.97      0.97      0.96      3208
