             precision    recall  f1-score   support

       Cảnh       0.94      0.87      0.90       128
       cảnh       0.90      0.95      0.92      1226
       cạnh       0.96      0.94      0.95      1028
       cánh       0.90      0.91      0.91       745
       cành       0.92      0.78      0.84       187
       canh       0.90      0.88      0.89       452
       Canh       1.00      0.56      0.72        16
       Cánh       1.00      0.09      0.17        11
       Cành       1.00      1.00      1.00         1

avg / total       0.92      0.92      0.91      3794
