             precision    recall  f1-score   support

        cao       0.97      0.99      0.98      3726
        Cao       0.99      0.91      0.95       609
        cáo       0.94      0.89      0.91       392
        cào       0.67      0.17      0.27        12
        cạo       1.00      0.47      0.64        32
        CáO       0.00      0.00      0.00         1
        Cáo       0.00      0.00      0.00         2
        Cảo       1.00      0.67      0.80        12
        cảo       0.00      0.00      0.00         5
        caọ       0.00      0.00      0.00         2
        CAO       0.00      0.00      0.00         2

avg / total       0.96      0.97      0.96      4795
