[[3706    5   15    0    0    0    0    0    0    0    0]
 [  53  554    2    0    0    0    0    0    0    0    0]
 [  42    2  348    0    0    0    0    0    0    0    0]
 [   9    0    1    2    0    0    0    0    0    0    0]
 [  15    0    1    1   15    0    0    0    0    0    0]
 [   1    0    0    0    0    0    0    0    0    0    0]
 [   0    0    2    0    0    0    0    0    0    0    0]
 [   3    0    0    0    0    0    0    8    1    0    0]
 [   3    1    1    0    0    0    0    0    0    0    0]
 [   1    0    1    0    0    0    0    0    0    0    0]
 [   2    0    0    0    0    0    0    0    0    0    0]]