             precision    recall  f1-score   support

        cập       0.91      0.91      0.91        81
        Cặp       1.00      0.62      0.77         8
        Cập       1.00      0.98      0.99       163
        cấp       0.90      0.95      0.92       344
        cắp       0.96      0.88      0.92       151
        cặp       0.92      0.95      0.94       324
        Cáp       0.91      0.91      0.91        46
        cáp       1.00      0.50      0.67        12
        cạp       1.00      0.25      0.40         4
        Cạp       0.00      0.00      0.00         1
        Cắp       0.00      0.00      0.00         1
        căp       0.00      0.00      0.00         1

avg / total       0.93      0.93      0.93      1136
