[[ 74   0   0   5   0   2   0   0   0   0   0   0]
 [  0   5   0   0   0   3   0   0   0   0   0   0]
 [  0   0 160   1   0   1   1   0   0   0   0   0]
 [  3   0   0 326   2  13   0   0   0   0   0   0]
 [  1   0   0  11 133   5   0   0   0   0   0   1]
 [  2   0   0  12   2 308   0   0   0   0   0   0]
 [  1   0   0   3   0   0  42   0   0   0   0   0]
 [  0   0   0   2   1   0   3   6   0   0   0   0]
 [  0   0   0   2   0   1   0   0   1   0   0   0]
 [  0   0   0   1   0   0   0   0   0   0   0   0]
 [  0   0   0   1   0   0   0   0   0   0   0   0]
 [  0   0   0   0   0   1   0   0   0   0   0   0]]