             precision    recall  f1-score   support

        cất       0.93      0.96      0.94      1010
        cắt       0.78      0.78      0.78       266
        Cát       0.95      0.93      0.94       209
        cát       0.85      0.73      0.79       108
        cật       1.00      0.81      0.89        21
        Cật       0.95      1.00      0.97        37
        CậT       0.00      0.00      0.00         1
        căt       0.00      0.00      0.00         1
        CÁT       0.00      0.00      0.00         2

avg / total       0.90      0.91      0.90      1655
