             precision    recall  f1-score   support

        cấu       0.89      0.88      0.89       118
        câu       0.90      0.97      0.93      1766
        cầu       0.87      0.91      0.89       834
        cẩu       0.89      0.62      0.73       129
        cáu       0.73      0.32      0.44        25
        Câu       0.88      0.48      0.62       103
        Cấu       0.00      0.00      0.00         1
        cau       0.92      0.82      0.87       119
        Cẩu       0.91      0.93      0.92       310
        cậu       0.65      0.39      0.49        94
        Cầu       0.78      0.29      0.42        24
        Cẫu       0.00      0.00      0.00         1
        Cầụ       0.00      0.00      0.00         2
        cảu       0.00      0.00      0.00         6
        càu       0.92      0.92      0.92        12
        Cậu       1.00      0.33      0.50         3
        CÂU       0.00      0.00      0.00         1
        câụ       0.00      0.00      0.00         1

avg / total       0.88      0.89      0.88      3549
