[[ 104   12    2    0    0    0    0    0    0    0    0    0    0    0
     0    0    0    0]
 [  10 1705   39    1    1    1    0    0    2    7    0    0    0    0
     0    0    0    0]
 [   1   61  759    0    1    0    0    5    1    5    0    0    0    0
     1    0    0    0]
 [   0   14   10   80    0    1    0    0   23    1    0    0    0    0
     0    0    0    0]
 [   0    7    8    0    8    0    0    2    0    0    0    0    0    0
     0    0    0    0]
 [   0   41    7    0    0   49    0    0    0    5    1    0    0    0
     0    0    0    0]
 [   1    0    0    0    0    0    0    0    0    0    0    0    0    0
     0    0    0    0]
 [   0   17    2    0    1    0    0   98    1    0    0    0    0    0
     0    0    0    0]
 [   0    4    8    8    0    1    0    0  289    0    0    0    0    0
     0    0    0    0]
 [   1   34   19    1    0    0    0    2    0   37    0    0    0    0
     0    0    0    0]
 [   0    5    9    0    0    3    0    0    0    0    7    0    0    0
     0    0    0    0]
 [   0    0    0    0    0    0    0    0    1    0    0    0    0    0
     0    0    0    0]
 [   0    0    0    0    0    0    0    0    0    1    1    0    0    0
     0    0    0    0]
 [   0    2    4    0    0    0    0    0    0    0    0    0    0    0
     0    0    0    0]
 [   0    0    1    0    0    0    0    0    0    0    0    0    0    0
    11    0    0    0]
 [   0    0    0    0    0    1    0    0    0    1    0    0    0    0
     0    1    0    0]
 [   0    0    1    0    0    0    0    0    0    0    0    0    0    0
     0    0    0    0]
 [   0    1    0    0    0    0    0    0    0    0    0    0    0    0
     0    0    0    0]]