             precision    recall  f1-score   support

        cây       0.94      1.00      0.97      1346
        cậy       0.98      0.70      0.82        64
        cay       0.91      0.58      0.71        55
        cấy       0.00      0.00      0.00         5
        Cây       0.71      0.45      0.56        11
        cày       0.50      0.18      0.26        28
        cạy       0.00      0.00      0.00        10
        cầy       1.00      0.17      0.29         6
        Cày       0.00      0.00      0.00         1
        cáy       0.00      0.00      0.00         1
        câỵ       0.00      0.00      0.00         1
        Cậy       0.00      0.00      0.00         1

avg / total       0.92      0.93      0.92      1529
