             precision    recall  f1-score   support

        cha       0.91      0.98      0.95       523
        chả       0.83      0.74      0.78       135
        Cha       0.53      0.50      0.52        16
        chà       0.75      0.25      0.38        12
        Chà       0.50      0.56      0.53         9
        Chả       0.50      0.06      0.11        16
        chã       1.00      0.92      0.96        12
        chạ       1.00      1.00      1.00         8

avg / total       0.88      0.89      0.87       731
