[[341   1   8  61   3   4   0   0   0   0   0   0   0   0   0   0]
 [  2 272 100   4   0   1   0   0   0   0   0   0   0   0   0   0]
 [  5 108 855   7  12   9   1   0   1   0   0   0   0   0   0   0]
 [ 37   6   5 247   1   1   0   0   0   0   0   0   0   0   0   0]
 [  0   0  28   2 329   3   4   0   0   0   0   0   0   0   0   0]
 [  1   2  13   0  20 122   0   0   0   0   0   0   0   0   0   0]
 [  2   1  11   0   9   4  50   0   0   0   0   0   0   0   0   0]
 [  0   0   0   0   0   0   0   2   0   0   0   0   0   0   0   0]
 [  0   0   0   0   0   0   0   0   5   0   0   0   0   0   0   0]
 [  0   0   0   0   0   3   1   0   0   0   0   0   0   0   0   0]
 [  0   0   0   0   3   0   0   0   0   0   0   0   0   0   0   0]
 [  0   0   0   0   0   0   0   0   0   0   0   3   0   0   0   0]
 [  0   0   0   0   0   2   0   0   0   0   0   0   0   0   0   0]
 [  0   0   1   0   0   0   0   0   0   0   0   0   0   0   0   0]
 [  0   0   1   0   0   0   0   0   0   0   0   0   0   0   0   0]
 [  0   0   1   0   0   0   0   0   0   0   0   0   0   0   0   0]]