             precision    recall  f1-score   support

       chăm       0.88      0.82      0.85       418
       chầm       0.70      0.72      0.71       379
       chậm       0.84      0.86      0.85       998
       chằm       0.77      0.83      0.80       297
       chạm       0.87      0.90      0.89       366
       châm       0.82      0.77      0.79       158
       chấm       0.89      0.65      0.75        77
       Chậm       1.00      1.00      1.00         2
       Châm       0.83      1.00      0.91         5
       Chẩm       0.00      0.00      0.00         4
       Chạm       0.00      0.00      0.00         3
       chàm       1.00      1.00      1.00         3
       chẩm       0.00      0.00      0.00         2
       CHÂM       0.00      0.00      0.00         1
       chẠm       0.00      0.00      0.00         1
       Chầm       0.00      0.00      0.00         1

avg / total       0.82      0.82      0.82      2715
