[[5448   18    4  248    0    0    1    0    0    1    0    0    0]
 [  13  487    0   12    1    0    0    0    0    0    0    0    0]
 [  66    0  137    2    3    0    0    0    0    0    0    0    0]
 [ 353   18    0 1734    3    2    0    0    0    0    0    0    0]
 [  20    0   12   66   54    0    0    0    0    0    0    0    0]
 [  11    0    0   10    0   13    0    0    0    0    0    0    0]
 [   1    0    0    1    0    0    3    0    0    0    0    0    0]
 [   1    0    0    1    0    0    0    0    0    0    0    0    0]
 [   2    0    0    1    0    0    0    0    0    0    0    0    0]
 [   4    0    0    0    0    0    0    0    0    0    0    0    0]
 [   2    0    0    0    0    0    0    0    0    0    2    0    0]
 [   1    0    0    0    0    0    0    0    0    0    0    0    0]
 [   1    0    0    0    0    0    0    0    0    0    0    0    1]]