             precision    recall  f1-score   support

      chẳng       0.92      0.95      0.94      5720
      chăng       0.93      0.95      0.94       513
      Chẳng       0.90      0.66      0.76       208
      chàng       0.84      0.82      0.83      2110
      Chàng       0.89      0.36      0.51       152
      chằng       0.87      0.38      0.53        34
      chặng       0.75      0.60      0.67         5
      chảng       0.00      0.00      0.00         2
      chẵng       0.00      0.00      0.00         3
      chắng       0.00      0.00      0.00         4
      chang       1.00      0.50      0.67         4
      Chăng       0.00      0.00      0.00         1
      chạng       1.00      0.50      0.67         2

avg / total       0.90      0.90      0.90      8758
