             precision    recall  f1-score   support

       chân       0.90      0.97      0.94      3559
       Chân       0.86      0.66      0.74       518
       chán       0.94      0.85      0.89       201
       chấn       0.97      0.95      0.96       601
       chắn       0.93      0.89      0.91       378
       chặn       0.80      0.69      0.74       261
       chẩn       0.81      0.68      0.74        19
       chăn       0.93      0.64      0.76        98
       Chấn       0.96      0.94      0.95       217
       chần       0.94      0.91      0.93        69
       Chặn       1.00      0.50      0.67         2
       chan       0.67      0.27      0.39        22
       chận       0.00      0.00      0.00        10
       chàn       0.00      0.00      0.00         1
       chằn       0.00      0.00      0.00         3
       Chán       0.00      0.00      0.00         1
       CHÂN       0.00      0.00      0.00         2
       Chăn       0.00      0.00      0.00         1
       chẳn       0.00      0.00      0.00         1
       chẵn       0.00      0.00      0.00         1

avg / total       0.90      0.91      0.90      5965
