[[3461   48    4    8    5   23    0    3    1    4    0    1    1    0
     0    0    0    0    0    0]
 [ 170  340    0    0    2    0    0    0    4    0    0    2    0    0
     0    0    0    0    0    0]
 [  28    0  170    1    0    1    1    0    0    0    0    0    0    0
     0    0    0    0    0    0]
 [  23    1    1  570    0    3    1    1    1    0    0    0    0    0
     0    0    0    0    0    0]
 [  25    0    2    0  336   13    0    0    0    0    0    0    2    0
     0    0    0    0    0    0]
 [  55    1    2    5   17  179    0    0    1    0    0    0    1    0
     0    0    0    0    0    0]
 [   5    0    1    0    0    0   13    0    0    0    0    0    0    0
     0    0    0    0    0    0]
 [  32    1    0    1    0    0    0   63    1    0    0    0    0    0
     0    0    0    0    0    0]
 [   8    2    0    1    0    1    0    0  205    0    0    0    0    0
     0    0    0    0    0    0]
 [   6    0    0    0    0    0    0    0    0   63    0    0    0    0
     0    0    0    0    0    0]
 [   0    0    0    0    0    1    0    0    0    0    1    0    0    0
     0    0    0    0    0    0]
 [  13    1    0    0    0    1    0    1    0    0    0    6    0    0
     0    0    0    0    0    0]
 [   4    0    0    0    2    3    1    0    0    0    0    0    0    0
     0    0    0    0    0    0]
 [   1    0    0    0    0    0    0    0    0    0    0    0    0    0
     0    0    0    0    0    0]
 [   3    0    0    0    0    0    0    0    0    0    0    0    0    0
     0    0    0    0    0    0]
 [   0    1    0    0    0    0    0    0    0    0    0    0    0    0
     0    0    0    0    0    0]
 [   2    0    0    0    0    0    0    0    0    0    0    0    0    0
     0    0    0    0    0    0]
 [   0    1    0    0    0    0    0    0    0    0    0    0    0    0
     0    0    0    0    0    0]
 [   1    0    0    0    0    0    0    0    0    0    0    0    0    0
     0    0    0    0    0    0]
 [   1    0    0    0    0    0    0    0    0    0    0    0    0    0
     0    0    0    0    0    0]]