             precision    recall  f1-score   support

       chất       0.90      0.93      0.91       430
       chật       0.90      0.69      0.78        62
       chặt       0.93      0.96      0.95       817
       chát       0.90      0.70      0.79        63
       Chật       0.00      0.00      0.00         1
       chắt       1.00      0.14      0.25         7
       Chất       1.00      0.80      0.89        10
       chat       0.00      0.00      0.00         1
       chạt       0.00      0.00      0.00         2
       Chát       0.50      1.00      0.67         1

avg / total       0.92      0.92      0.92      1394
