             precision    recall  f1-score   support

       chau       0.98      1.00      0.99       288
       Châu       0.87      0.95      0.91       716
       chậu       0.90      0.82      0.86        34
       châu       0.79      0.75      0.77       200
       chầu       0.96      0.87      0.91        53
       cháu       0.89      0.69      0.78       192
       Cháu       0.00      0.00      0.00         6
       chấu       0.75      0.50      0.60         6
       Chậu       0.00      0.00      0.00         1
       CHÂU       0.00      0.00      0.00         1
       CHâu       0.00      0.00      0.00         1
       Chau       0.00      0.00      0.00         1
       Chầu       0.00      0.00      0.00         1

avg / total       0.88      0.88      0.88      1500
