[[287   1   0   0   0   0   0   0   0   0   0   0   0]
 [  1 679   1  26   0   9   0   0   0   0   0   0   0]
 [  0   2  28   3   0   1   0   0   0   0   0   0   0]
 [  3  39   2 150   0   5   0   1   0   0   0   0   0]
 [  0   7   0   0  46   0   0   0   0   0   0   0   0]
 [  3  49   0   6   1 133   0   0   0   0   0   0   0]
 [  0   4   0   0   0   2   0   0   0   0   0   0   0]
 [  0   0   0   3   0   0   0   3   0   0   0   0   0]
 [  0   1   0   0   0   0   0   0   0   0   0   0   0]
 [  0   1   0   0   0   0   0   0   0   0   0   0   0]
 [  0   0   0   1   0   0   0   0   0   0   0   0   0]
 [  0   1   0   0   0   0   0   0   0   0   0   0   0]
 [  0   0   0   0   1   0   0   0   0   0   0   0   0]]