[[2284   44   14    0    1    0    0    0    0    0    0    0]
 [ 102  262    6    0    0    0    0    0    0    0    0    0]
 [  55    5  156    0    1    0    0    0    0    0    0    0]
 [   0    0    0    0    0    1    0    0    0    0    0    0]
 [  13    2    2    0    6    0    0    0    0    0    0    0]
 [   4    0    0    0    0    9    0    0    0    0    0    0]
 [   0    1    0    0    0    0    0    0    0    0    0    0]
 [   1    0    0    0    0    0    0    0    0    0    0    0]
 [   0    1    0    0    0    0    0    0    0    0    0    0]
 [   2    0    0    0    0    0    0    0    0    5    0    0]
 [   2    0    0    0    0    0    0    0    0    0    0    0]
 [   2    0    0    0    0    0    0    0    0    0    1    3]]