             precision    recall  f1-score   support

       chạy       0.93      0.97      0.95      2343
       chảy       0.83      0.71      0.76       370
       cháy       0.88      0.72      0.79       217
       Cháy       0.00      0.00      0.00         1
       chay       0.75      0.26      0.39        23
       Chạy       0.90      0.69      0.78        13
       chẳy       0.00      0.00      0.00         1
       chấy       0.00      0.00      0.00         1
       chẩy       0.00      0.00      0.00         1
       Chay       1.00      0.71      0.83         7
       chày       0.00      0.00      0.00         2
       chầy       1.00      0.50      0.67         6

avg / total       0.91      0.91      0.91      2985
