             precision    recall  f1-score   support

        chế       0.95      0.96      0.95       718
        che       0.91      0.95      0.93       469
        chê       0.85      0.58      0.69        57
        Chế       1.00      1.00      1.00         3
        chẻ       0.93      0.68      0.79        19
        chẽ       1.00      1.00      1.00        16
        chè       1.00      0.67      0.80         9
        Che       0.00      0.00      0.00         1
        Chê       0.00      0.00      0.00         1
        chệ       1.00      0.75      0.86         4

avg / total       0.93      0.93      0.93      1297
