[[10229    43     1     8    76     7    10     0     0     1     0]
 [  170   629     4     3    36     1     0     0     0     0     0]
 [   36    10   234    34     4     1     4     0     0     0     0]
 [   38     4     8  1359    25     0     6     0     0     0     0]
 [  193    22     2    13  1042     3     5     0     0     0     0]
 [   75     2     0     3     8    59     0     0     0     0     0]
 [  107     2     0     0     0     0   406     0     0     1     0]
 [    7     0     0     0     0     0     0     2     0     0     0]
 [    1     0     0     0     0     0     0     0     0     0     0]
 [    1     0     0     2     0     2     3     0     0     2     0]
 [    0     1     0     0     0     0     0     0     0     0     0]]