             precision    recall  f1-score   support

        chỉ       0.94      0.99      0.96     10375
        chí       0.88      0.75      0.81       843
        Chí       0.94      0.72      0.82       323
        Chi       0.96      0.94      0.95      1440
        chi       0.87      0.81      0.84      1280
        chị       0.81      0.40      0.54       147
        Chỉ       0.94      0.79      0.85       516
        chì       1.00      0.22      0.36         9
        CHỈ       0.00      0.00      0.00         1
        Chị       0.50      0.20      0.29        10
        CHI       0.00      0.00      0.00         1

avg / total       0.93      0.93      0.93     14945
