[[ 1675   349     0     1    20     0     0     0     1    18    12     0
      0     0     0     0     0     0     0     0     0]
 [  152 12998     0     5   147     1     1     0     9     2    18     1
      1     0     0     0     0     0     0     0     0]
 [    6     2    14     0     0     0     0     0     0     1     0     0
      0     0     0     0     0     0     0     0     0]
 [   17    95     0    41     6     0     0     0     0     0     0     0
      0     0     0     0     0     0     0     0     0]
 [   29   383     0     3   458     0     0     0     1     1     5     0
      1     0     0     0     0     0     0     0     0]
 [    0     5     0     0     0     8     0     0     0     0     1     0
      0     0     0     0     0     0     0     0     0]
 [   11    20     0     0     2     0    14     0     0     1     1     0
      0     0     0     0     0     0     0     0     0]
 [    0     0     1     0     0     0     0     0     0     0     0     0
      0     0     0     0     0     0     0     0     0]
 [    2    48     0     0     0     0     0     0    28     0     0     0
      0     0     0     0     0     0     0     0     0]
 [   56    18     0     0     2     0     0     0     0     2     1     0
      0     0     0     0     0     0     0     0     0]
 [   19    90     0     1     5     0     0     0     0     0   226     0
      0     0     0     0     0     0     0     0     1]
 [    1    40     2     0     1     0     0     0     0     0     1    11
      0     0     0     0     0     0     0     0     0]
 [    1    10     0     0     0     0     0     0     0     0     0     0
      1     0     0     0     0     0     0     0     0]
 [    0     3     0     0     0     0     0     0     0     0     0     0
      0     0     0     0     0     0     0     0     0]
 [    1     0     0     0     0     0     0     0     0     0     0     0
      0     0     0     0     0     0     0     0     0]
 [    0     7     2     0     2     0     0     0     0     0     0     2
      0     0     0     2     0     0     0     0     0]
 [    0     4     0     1     0     0     0     0     0     0     0     2
      0     0     0     0     2     0     0     0     0]
 [    0     3     0     1     1     0     0     0     0     0     0     0
      0     0     0     0     0     0     0     0     0]
 [    1     1     0     0     0     0     0     0     0     0     0     0
      0     0     0     0     0     0     0     0     0]
 [    0     1     0     0     1     0     0     0     0     0     0     0
      0     0     0     0     0     0     0     0     0]
 [    0     0     0     0     0     0     0     0     0     0     0     1
      0     0     0     0     0     0     0     0     0]]