             precision    recall  f1-score   support

        chỗ       0.85      0.81      0.83      2076
        cho       0.92      0.97      0.95     13335
        Chỗ       0.74      0.61      0.67        23
        chớ       0.77      0.26      0.39       159
        chờ       0.71      0.52      0.60       881
        chỏ       0.89      0.57      0.70        14
        chợ       0.93      0.29      0.44        49
        Chổ       0.00      0.00      0.00         1
        chở       0.72      0.36      0.48        78
        chổ       0.08      0.03      0.04        79
        chó       0.85      0.66      0.74       342
        Cho       0.65      0.20      0.30        56
        chõ       0.33      0.08      0.13        12
        chọ       0.00      0.00      0.00         3
        chố       0.00      0.00      0.00         1
        Chờ       1.00      0.13      0.24        15
        Chớ       1.00      0.22      0.36         9
        chơ       0.00      0.00      0.00         5
        Chợ       0.00      0.00      0.00         2
        chò       0.00      0.00      0.00         2
        Chó       0.00      0.00      0.00         1

avg / total       0.89      0.90      0.89     17143
