             precision    recall  f1-score   support

       chơi       0.86      0.96      0.91       368
       chọi       0.93      0.78      0.85        89
       chói       0.95      0.95      0.95       147
       chối       0.94      0.88      0.91       136
       chội       1.00      0.83      0.91         6
       chổi       0.80      0.59      0.68        34
       chổI       0.00      0.00      0.00         1
       chòi       1.00      0.81      0.89        21
       chới       0.00      0.00      0.00         1
       chỏi       0.00      0.00      0.00         1
       Chơi       0.00      0.00      0.00         3
       choi       1.00      0.50      0.67         2
       chời       0.00      0.00      0.00         1
       chồi       0.00      0.00      0.00         1
       chỗi       0.00      0.00      0.00         1
       chợi       0.00      0.00      0.00         1

avg / total       0.89      0.89      0.89       813
