[[355   3   4   5   0   1   0   0   0   0   0   0   0   0   0   0]
 [ 19  69   0   1   0   0   0   0   0   0   0   0   0   0   0   0]
 [  3   1 140   1   0   1   0   0   0   1   0   0   0   0   0   0]
 [ 16   0   0 120   0   0   0   0   0   0   0   0   0   0   0   0]
 [  1   0   0   0   5   0   0   0   0   0   0   0   0   0   0   0]
 [ 13   0   1   0   0  20   0   0   0   0   0   0   0   0   0   0]
 [  0   0   0   0   0   1   0   0   0   0   0   0   0   0   0   0]
 [  2   0   0   0   0   2   0  17   0   0   0   0   0   0   0   0]
 [  1   0   0   0   0   0   0   0   0   0   0   0   0   0   0   0]
 [  1   0   0   0   0   0   0   0   0   0   0   0   0   0   0   0]
 [  3   0   0   0   0   0   0   0   0   0   0   0   0   0   0   0]
 [  0   0   1   0   0   0   0   0   0   0   0   1   0   0   0   0]
 [  0   0   1   0   0   0   0   0   0   0   0   0   0   0   0   0]
 [  0   0   1   0   0   0   0   0   0   0   0   0   0   0   0   0]
 [  1   0   0   0   0   0   0   0   0   0   0   0   0   0   0   0]
 [  0   1   0   0   0   0   0   0   0   0   0   0   0   0   0   0]]