[[619   2  11   0   0   0   0   0   0   0   0]
 [ 13 299   4   0   0   0   0   0   0   0   1]
 [ 27   2 242   0   0   2   0   0   0   0   0]
 [  1   0   2   0   0   0   0   0   0   1   0]
 [  0   0   1   0   7   0   0   0   0   0   0]
 [  2   0   1   0   0  16   0   0   0   0   0]
 [  8   0   2   0   0   0   4   0   0   0   0]
 [  2   0   0   0   0   0   0   0   0   0   0]
 [  0   0   0   0   1   0   0   0   0   0   0]
 [  0   0   0   0   0   0   0   0   0   0   0]
 [  1   5   2   0   0   0   0   0   0   0   0]]