[[ 775   60    8   15    1   22    0    1    0    1    0    0    0    0
     1    0]
 [  76 2816   17   23    4   29    8    7    0    1    0    0    0    0
     0    0]
 [   8   32  930    4    1    9    0    3    0    0    0    0    0    0
     1    0]
 [  32   48    8  680    3    9    1    3    0    0    0    0    0    0
     0    0]
 [   2   11    4    1   41    3    0    4    0    0    0    0    0    0
     0    0]
 [  28   44   26    9    4  882    1    3    1    1    0    0    0    0
     1    0]
 [   3   51    0    1    0    1    7    0    0    0    2    0    0    0
     0    0]
 [   7   13    7    2    8    1    1  121    0    0    0    0    0    0
     0    0]
 [   3    4    0    0    0    0    0    0    7    0    0    0    0    0
     0    0]
 [   0    1    0    0    0    2    0    0    0   19    0    0    0    0
     0    0]
 [   5    2    1    2    0    1    2    0    1    0    5    0    0    0
     1    0]
 [   0    2    0    0    1    0    1    0    0    0    1    1    0    0
     0    0]
 [   0    0    3    0    0    0    0    0    0    0    0    0    0    0
     0    0]
 [   0    0    1    0    0    0    1    0    0    0    0    0    0    8
     0    0]
 [   8    2    0    2    0    1    1    0    0    0    1    0    0    0
     0    0]
 [   1    0    0    0    0    0    0    0    0    0    0    0    0    0
     0    0]]