             precision    recall  f1-score   support

        chữ       0.82      0.88      0.85       884
        chủ       0.91      0.94      0.93      2981
        Chu       0.93      0.94      0.93       988
        chú       0.92      0.87      0.89       784
        chư       0.65      0.62      0.64        66
        chứ       0.92      0.88      0.90      1000
        Chủ       0.30      0.11      0.16        65
        chu       0.85      0.76      0.80       160
        chử       0.78      0.50      0.61        14
        chừ       0.86      0.86      0.86        22
        Chú       0.56      0.25      0.34        20
        Chư       1.00      0.17      0.29         6
        CHu       0.00      0.00      0.00         3
        Chử       1.00      0.80      0.89        10
        Chữ       0.00      0.00      0.00        15
        chụ       0.00      0.00      0.00         1

avg / total       0.89      0.90      0.89      7019
