[[3660   20    0    5   12   14    2    1    0    1    0    0    0    0]
 [  33  849   67    3    3    2    1    0    0    0    0    0    0    0]
 [   6   36   58    0    1    0    0    0    0    0    0    0    0    0]
 [  43    3    0  102    0    7    0    0    0    0    2    0    0    0]
 [  70    4    0    0  473    6    0    0    0    0    0    2    0    0]
 [  57    4    0    1    3  137    5    0    0    1    0    0    0    0]
 [   9    1    0    0    0    5   66    0    0    0    0    0    0    0]
 [  10    0    0    0    0    0    0    8    0    0    0    0    0    0]
 [   1    0    0    2    0    0    0    1    0    0    0    0    0    0]
 [   8    0    0    3    0    1    0    0    0    4    0    0    0    0]
 [   5    0    0    0    0    0    0    0    0    0    0    0    0    0]
 [   1    0    0    0    5    0    0    0    0    0    0    1    0    0]
 [   0    0    0    1    0    0    0    0    0    0    0    0    0    0]
 [   1    0    0    0    0    0    0    0    0    0    0    0    0    0]]