             precision    recall  f1-score   support

       chưa       0.94      0.99      0.96      3715
       chúa       0.93      0.89      0.91       958
       Chúa       0.48      0.56      0.52       101
       chữa       0.88      0.64      0.74       157
       chùa       0.96      0.85      0.90       555
       chứa       0.82      0.66      0.73       208
       chua       0.92      0.81      0.86        81
       Chưa       0.80      0.44      0.57        18
       Chữa       0.00      0.00      0.00         4
       chừa       0.60      0.19      0.29        16
       chửa       0.00      0.00      0.00         5
       Chùa       0.50      0.14      0.22         7
       chủa       0.00      0.00      0.00         1
       Chửa       0.00      0.00      0.00         1

avg / total       0.92      0.92      0.92      5827
