[[6496   54   21   10   31    0    5    0    0    0    0    0    0    0
     0    0]
 [  78 1149    6    1    3    0    0    1    0    0    0    0    0    0
     0    0]
 [  58    4  222    2   14    0    0    0    0    0    1    0    0    0
     0    0]
 [ 124    1    1  412    1    0    1    0    0    0    0    0    0    0
     0    0]
 [  51   20    9    0  597    1    1    0    0    0    1    0    1    0
     0    0]
 [   4    2    0    1    2   22    0    0    0    0    0    1    0    0
     0    0]
 [  10    1    0    3    7    0  169    0    0    0    0    0    0    0
     0    0]
 [   2    2    0    1    2    0    0   33    0    0    0    0    1    0
     0    0]
 [   0    1    0    0    0    0    0    0   18    0    0    0    0    0
     0    0]
 [   0    4    0    0    0    0    0    0    0    0    0    0    0    0
     0    0]
 [  15    2    0    0    5    0    0    1    0    0   46    0    0    0
     0    0]
 [   1    0    0    0    0    1    0    0    0    0    0    3    0    1
     0    0]
 [   0    0    0    3    0    0    0    0    0    0    0    0  203    0
     0    0]
 [   1    0    0    0    0    0    0    0    0    0    0    0    0    0
     0    0]
 [   0    0    0    1    0    0    0    0    0    0    0    0    0    0
     0    0]
 [   1    0    0    0    0    0    0    0    0    0    0    0    0    0
     0    0]]