             precision    recall  f1-score   support

      chúng       0.95      0.98      0.97      6617
      chừng       0.93      0.93      0.93      1238
      chứng       0.86      0.74      0.79       301
      Chúng       0.95      0.76      0.85       540
      chung       0.90      0.88      0.89       681
      chùng       0.92      0.69      0.79        32
      Chung       0.96      0.89      0.92       190
      chưng       0.94      0.80      0.87        41
      chửng       1.00      0.95      0.97        19
      Chừng       0.00      0.00      0.00         4
      chủng       0.96      0.67      0.79        69
      chững       0.75      0.50      0.60         6
      Chứng       0.99      0.99      0.99       206
      chựng       0.00      0.00      0.00         1
      Chủng       0.00      0.00      0.00         1
      chũng       0.00      0.00      0.00         1

avg / total       0.94      0.94      0.94      9947
