[[5548   48   18    0    3   23    1    0    0    0    0    0]
 [ 109  940    4    2    0    4    0    0    0    0    0    0]
 [  84   18  135    0    0    5    0    0    0    0    0    0]
 [   9    1    1    0    0    0    0    0    0    0    0    0]
 [  39    2    0    0   71    2    8    0    0    0    0    0]
 [  67    5    0    0    0   52    0    0    0    0    0    0]
 [   7    0    0    0   14    4   12    0    0    0    0    0]
 [   0    3    0    0    0    0    0    0    0    0    0    0]
 [   1    0    0    0    0    0    0    0    0    0    0    0]
 [   1    0    0    0    0    0    0    0    0    0    0    0]
 [   1    0    0    0    0    0    0    0    0    0    0    0]
 [   1    0    0    0    0    0    0    0    0    0    0    0]]