             precision    recall  f1-score   support

         cổ       0.83      0.70      0.76      1172
         có       0.94      0.97      0.95     30591
         cố       0.77      0.63      0.69      1249
         cơ       0.86      0.81      0.84      1913
         cô       0.79      0.74      0.77      2726
         cò       0.67      0.22      0.33        18
         co       0.84      0.61      0.71       189
         Có       0.83      0.73      0.77       567
         Cô       0.85      0.75      0.80       509
         cỏ       0.82      0.63      0.71       252
         cớ       0.78      0.55      0.65       235
         Cơ       0.91      0.89      0.90       551
         cỗ       0.86      0.77      0.82       237
         cƠ       0.00      0.00      0.00         1
         cỡ       0.85      0.33      0.47        85
         CÓ       0.00      0.00      0.00        15
         cọ       0.67      0.12      0.21        16
         cờ       0.78      0.57      0.66       301
         Cổ       0.75      0.70      0.73       200
         cở       0.25      0.12      0.17         8
         CÔ       0.44      0.15      0.22        27
         cồ       1.00      0.20      0.33         5
         cộ       0.00      0.00      0.00         6
         Cố       0.90      0.59      0.71        78
         Cồ       0.00      0.00      0.00         3
         Cớ       1.00      0.43      0.60         7
         Cở       0.00      0.00      0.00         2
         Cò       0.00      0.00      0.00         1
         CỔ       0.00      0.00      0.00         7
         Cỗ       0.33      0.25      0.29         4
         Cờ       0.00      0.00      0.00         3
         CƠ       0.00      0.00      0.00         1
         cõ       0.00      0.00      0.00         1
         Co       0.00      0.00      0.00         0
         Cỏ       0.00      0.00      0.00         1
         CỎ       0.00      0.00      0.00         1

avg / total       0.90      0.91      0.91     40983
