             precision    recall  f1-score   support

        cõi       0.96      0.51      0.66        89
        cỏi       0.98      0.86      0.92        51
        cởi       0.80      0.79      0.80       214
        coi       0.92      0.98      0.95      1784
        cối       0.93      0.87      0.90        60
        Coi       0.93      0.60      0.73        45
        cỗi       0.00      0.00      0.00         8
        cỡi       1.00      0.11      0.20         9
        cời       0.92      0.85      0.88        13
        cốI       0.00      0.00      0.00         1
        côi       1.00      0.33      0.50        18
        cội       1.00      0.25      0.40         4
        cọi       0.00      0.00      0.00         2
        Cởi       0.00      0.00      0.00         3
        còi       0.86      0.60      0.71        10
        cởI       0.00      0.00      0.00         1
        CốI       0.00      0.00      0.00         1
        Côi       0.00      0.00      0.00         1
        Cối       0.50      1.00      0.67         1
        cổi       0.00      0.00      0.00         1
        COI       0.00      0.00      0.00         1

avg / total       0.91      0.91      0.90      2317
