[[  45    1    4   39    0    0    0    0    0    0    0    0    0    0
     0    0    0    0    0    0    0]
 [   1   44    0    5    0    1    0    0    0    0    0    0    0    0
     0    0    0    0    0    0    0]
 [   1    0  169   43    0    0    0    0    0    0    0    0    0    0
     1    0    0    0    0    0    0]
 [   0    0   27 1753    1    1    0    0    1    0    0    0    0    0
     0    0    0    0    1    0    0]
 [   0    0    0    8   52    0    0    0    0    0    0    0    0    0
     0    0    0    0    0    0    0]
 [   0    0    0   18    0   27    0    0    0    0    0    0    0    0
     0    0    0    0    0    0    0]
 [   0    0    0    7    1    0    0    0    0    0    0    0    0    0
     0    0    0    0    0    0    0]
 [   0    0    5    3    0    0    0    1    0    0    0    0    0    0
     0    0    0    0    0    0    0]
 [   0    0    1    1    0    0    0    0   11    0    0    0    0    0
     0    0    0    0    0    0    0]
 [   0    0    0    0    1    0    0    0    0    0    0    0    0    0
     0    0    0    0    0    0    0]
 [   0    0    0   11    1    0    0    0    0    0    6    0    0    0
     0    0    0    0    0    0    0]
 [   0    0    0    3    0    0    0    0    0    0    0    1    0    0
     0    0    0    0    0    0    0]
 [   0    0    0    2    0    0    0    0    0    0    0    0    0    0
     0    0    0    0    0    0    0]
 [   0    0    3    0    0    0    0    0    0    0    0    0    0    0
     0    0    0    0    0    0    0]
 [   0    0    0    4    0    0    0    0    0    0    0    0    0    0
     6    0    0    0    0    0    0]
 [   0    0    1    0    0    0    0    0    0    0    0    0    0    0
     0    0    0    0    0    0    0]
 [   0    0    0    1    0    0    0    0    0    0    0    0    0    0
     0    0    0    0    0    0    0]
 [   0    0    1    0    0    0    0    0    0    0    0    0    0    0
     0    0    0    0    0    0    0]
 [   0    0    0    0    0    0    0    0    0    0    0    0    0    0
     0    0    0    0    1    0    0]
 [   0    0    0    1    0    0    0    0    0    0    0    0    0    0
     0    0    0    0    0    0    0]
 [   0    0    0    1    0    0    0    0    0    0    0    0    0    0
     0    0    0    0    0    0    0]]