             precision    recall  f1-score   support

        còn       0.93      0.96      0.95     10126
        con       0.90      0.88      0.89      4827
        cơn       0.91      0.76      0.83       452
        Con       0.89      0.66      0.76       253
        Còn       0.79      0.51      0.62       170
        côn       0.81      0.35      0.49       164
        Cơn       0.00      0.00      0.00         3
        cổn       0.00      0.00      0.00         3
        Côn       0.78      0.85      0.81       181
        cỏn       0.50      0.20      0.29         5
        cồn       0.00      0.00      0.00        15
        cón       0.00      0.00      0.00         1
        Cổn       0.00      0.00      0.00         1

avg / total       0.91      0.92      0.91     16201
