[[9756  342   14    1    4    5    0    0    2    0    0    2    0]
 [ 528 4260   13    8    4    4    0    0    9    1    0    0    0]
 [  53   55  344    0    0    0    0    0    0    0    0    0    0]
 [  20   50    1  167   14    0    0    0    1    0    0    0    0]
 [  64    9    0   11   86    0    0    0    0    0    0    0    0]
 [  51   25    0    0    0   58    0    0   30    0    0    0    0]
 [   0    0    3    0    0    0    0    0    0    0    0    0    0]
 [   3    0    0    0    0    0    0    0    0    0    0    0    0]
 [  17    6    0    0    0    5    0    0  153    0    0    0    0]
 [   0    3    1    0    0    0    0    0    0    1    0    0    0]
 [  14    1    0    0    0    0    0    0    0    0    0    0    0]
 [   1    0    0    0    0    0    0    0    0    0    0    0    0]
 [   0    0    0    0    1    0    0    0    0    0    0    0    0]]