             precision    recall  f1-score   support

       công       0.94      0.97      0.95      6328
       Công       0.85      0.80      0.82      1162
       cõng       0.71      0.17      0.27        30
       cong       0.75      0.46      0.57        72
       cổng       0.87      0.69      0.77       216
       cộng       0.89      0.68      0.77       128
       cọng       1.00      0.45      0.62        20
       cống       1.00      0.27      0.43        11
       còng       0.70      0.41      0.52        17
       cỗng       0.00      0.00      0.00         2
       cóng       1.00      0.40      0.57         5
       cồng       1.00      0.20      0.33         5
       CÔNG       0.00      0.00      0.00         1
       Cộng       1.00      0.57      0.73         7

avg / total       0.92      0.92      0.92      8004
