[[6143  155    1    5   13    8    0    0    1    0    0    0    2    0]
 [ 234  925    1    0    1    1    0    0    0    0    0    0    0    0]
 [  23    0    5    0    0    0    0    0    2    0    0    0    0    0]
 [  34    2    0   33    3    0    0    0    0    0    0    0    0    0]
 [  58    7    0    1  150    0    0    0    0    0    0    0    0    0]
 [  35    3    0    2    1   87    0    0    0    0    0    0    0    0]
 [   8    0    0    1    1    1    9    0    0    0    0    0    0    0]
 [   8    0    0    0    0    0    0    3    0    0    0    0    0    0]
 [   8    0    0    2    0    0    0    0    7    0    0    0    0    0]
 [   1    0    0    0    1    0    0    0    0    0    0    0    0    0]
 [   3    0    0    0    0    0    0    0    0    0    2    0    0    0]
 [   2    0    0    0    2    0    0    0    0    0    0    1    0    0]
 [   1    0    0    0    0    0    0    0    0    0    0    0    0    0]
 [   2    0    0    0    0    1    0    0    0    0    0    0    0    4]]