             precision    recall  f1-score   support

        cốt       0.83      0.89      0.86       230
        cột       0.91      0.85      0.88       220
        cợt       0.97      0.87      0.92        79
        cọt       0.00      0.00      0.00         1
        Cốt       0.90      0.98      0.93       124
        cót       0.00      0.00      0.00         4
        Cột       0.00      0.00      0.00         1
        Cợt       0.00      0.00      0.00         1

avg / total       0.88      0.88      0.88       660
