             precision    recall  f1-score   support

         cứ       0.88      0.97      0.92      2333
         cụ       0.80      0.56      0.66       118
         cử       0.91      0.87      0.89       386
         cũ       0.85      0.69      0.76       236
         cư       0.84      0.78      0.81       126
         Cự       0.85      0.82      0.83        65
         cự       0.88      0.78      0.83       255
         củ       0.93      0.81      0.87        70
         cữ       0.00      0.00      0.00        10
         Cứ       0.86      0.42      0.56        43
         cú       0.73      0.21      0.33        52
         Cừ       0.33      0.25      0.29         4
         Cụ       1.00      0.40      0.57        10
         cù       0.00      0.00      0.00         6
         cừ       0.00      0.00      0.00         6
         Cử       0.93      0.88      0.90        57
         Cư       0.88      0.68      0.77        22
         Cù       0.00      0.00      0.00         1
         Cú       0.00      0.00      0.00         1
         cu       0.00      0.00      0.00         1
         Cũ       0.00      0.00      0.00         1

avg / total       0.87      0.88      0.87      3803
