[[2271    3   20   12    9    0    9    0    0    1    2    2    0    0
     0    2    2    0    0    0    0]
 [  43   66    0    2    0    0    6    0    0    0    0    0    0    0
     0    1    0    0    0    0    0]
 [  44    1  336    2    0    0    3    0    0    0    0    0    0    0
     0    0    0    0    0    0    0]
 [  57    4    1  162    5    0    1    4    0    0    2    0    0    0
     0    0    0    0    0    0    0]
 [  25    1    2    0   98    0    0    0    0    0    0    0    0    0
     0    0    0    0    0    0    0]
 [   7    1    1    1    0   53    2    0    0    0    0    0    0    0
     0    0    0    0    0    0    0]
 [  40    1    2    5    0    9  198    0    0    0    0    0    0    0
     0    0    0    0    0    0    0]
 [   8    0    3    1    0    0    1   57    0    0    0    0    0    0
     0    0    0    0    0    0    0]
 [   9    0    1    0    0    0    0    0    0    0    0    0    0    0
     0    0    0    0    0    0    0]
 [  21    2    1    0    0    0    0    0    0   18    0    0    0    0
     0    1    0    0    0    0    0]
 [  29    2    3    4    1    0    2    0    0    0   11    0    0    0
     0    0    0    0    0    0    0]
 [   3    0    0    0    0    0    0    0    0    0    0    1    0    0
     0    0    0    0    0    0    0]
 [   6    0    0    0    0    0    0    0    0    0    0    0    4    0
     0    0    0    0    0    0    0]
 [   5    0    0    0    1    0    0    0    0    0    0    0    0    0
     0    0    0    0    0    0    0]
 [   5    1    0    0    0    0    0    0    0    0    0    0    0    0
     0    0    0    0    0    0    0]
 [   3    0    1    1    0    0    0    0    0    2    0    0    0    0
     0   50    0    0    0    0    0]
 [   2    0    0    1    2    0    2    0    0    0    0    0    0    0
     0    0   15    0    0    0    0]
 [   1    0    0    0    0    0    0    0    0    0    0    0    0    0
     0    0    0    0    0    0    0]
 [   1    0    0    0    0    0    0    0    0    0    0    0    0    0
     0    0    0    0    0    0    0]
 [   1    0    0    0    0    0    0    0    0    0    0    0    0    0
     0    0    0    0    0    0    0]
 [   1    0    0    0    0    0    0    0    0    0    0    0    0    0
     0    0    0    0    0    0    0]]