             precision    recall  f1-score   support

        của       0.98      0.99      0.99     24489
        cửa       0.93      0.86      0.90      2226
        cua       0.00      0.00      0.00        13
        cựa       0.95      0.44      0.60        43
        Của       0.00      0.00      0.00        13
        Cửa       1.00      0.31      0.48        16
        cưa       0.60      0.27      0.37        11
        cúa       0.00      0.00      0.00         1
        cuả       0.00      0.00      0.00         4
        cũa       0.00      0.00      0.00         2
        cửạ       0.00      0.00      0.00         1
        cùa       0.00      0.00      0.00         2
        cứa       0.00      0.00      0.00        10
        cừa       1.00      0.20      0.33         5
        Cua       1.00      1.00      1.00         1
        CỦA       0.00      0.00      0.00         4

avg / total       0.98      0.98      0.98     26841
