[[24363   123     0     1     0     0     0     0     0     0     0     2
      0     0     0     0]
 [  305  1920     0     0     0     0     1     0     0     0     0     0
      0     0     0     0]
 [   13     0     0     0     0     0     0     0     0     0     0     0
      0     0     0     0]
 [   22     2     0    19     0     0     0     0     0     0     0     0
      0     0     0     0]
 [   13     0     0     0     0     0     0     0     0     0     0     0
      0     0     0     0]
 [    7     4     0     0     0     5     0     0     0     0     0     0
      0     0     0     0]
 [    6     2     0     0     0     0     3     0     0     0     0     0
      0     0     0     0]
 [    1     0     0     0     0     0     0     0     0     0     0     0
      0     0     0     0]
 [    4     0     0     0     0     0     0     0     0     0     0     0
      0     0     0     0]
 [    2     0     0     0     0     0     0     0     0     0     0     0
      0     0     0     0]
 [    0     1     0     0     0     0     0     0     0     0     0     0
      0     0     0     0]
 [    1     1     0     0     0     0     0     0     0     0     0     0
      0     0     0     0]
 [    7     2     0     0     0     0     1     0     0     0     0     0
      0     0     0     0]
 [    2     2     0     0     0     0     0     0     0     0     0     0
      0     1     0     0]
 [    0     0     0     0     0     0     0     0     0     0     0     0
      0     0     1     0]
 [    4     0     0     0     0     0     0     0     0     0     0     0
      0     0     0     0]]