             precision    recall  f1-score   support

        Cực       0.85      0.79      0.82       107
        cục       0.94      0.93      0.94       427
        cực       0.94      0.97      0.95      1075
        cúc       0.64      0.39      0.49        23
        Cục       0.00      0.00      0.00         6
        CỰC       0.00      0.00      0.00         1
        cức       0.00      0.00      0.00         1
        Cúc       0.00      0.00      0.00        13
        CựC       0.00      0.00      0.00         1

avg / total       0.92      0.93      0.92      1654
