[[16013   692     1     8    61     4     0     3     1     4     0     0
      0     0     0     0     0     0]
 [  914  5104     0     4    60     5     0     1     0     1     0     0
      0     0     0     0     0     0]
 [   22     2     4     0     0     0     0     0     0     0     0     0
      0     0     0     0     0     0]
 [   81    22     0   151     8     1     0     0     0     0     0     0
      0     0     0     0     0     0]
 [  177    78     0     2  1201     4     0     1     0     0     0     0
      0     0     0     0     0     0]
 [   31    15     0     0    17   127     0     0     1     0     0     0
      0     0     0     0     0     0]
 [    1    15     0     0     0     2     1     0     2     0     0     0
      0     0     0     0     0     0]
 [    3     7     0     1     0     0     0     3     0     0     0     0
      0     0     0     0     0     0]
 [   25     3     0     0     0     0     1     0    19     0     0     0
      0     0     0     0     0     0]
 [   21     7     0     0     3     0     0     0     0     4     0     0
      0     0     0     0     0     0]
 [    1     0     0     0     0     0     0     0     0     0     0     0
      0     0     0     0     0     0]
 [    1     0     0     0     0     0     0     0     0     0     0     0
      0     0     0     0     0     0]
 [    0     1     0     0     0     0     0     0     0     0     0     0
      0     0     0     0     0     0]
 [    2     6     0     0     0     0     0     0     0     0     0     0
      0     0     0     0     0     0]
 [    1     0     0     0     0     0     0     0     0     0     0     0
      0     0     0     0     0     0]
 [    0     1     0     0     0     0     0     0     0     0     0     0
      0     0     0     0     0     0]
 [    1     0     0     0     0     0     0     0     0     0     0     0
      0     0     0     0     0     0]
 [    0     0     0     0     1     0     0     0     0     0     0     0
      0     0     0     0     0     0]]