             precision    recall  f1-score   support

       cũng       0.93      0.95      0.94     16787
       cùng       0.86      0.84      0.85      6089
       củng       0.80      0.14      0.24        28
       cứng       0.91      0.57      0.70       263
       cung       0.89      0.82      0.85      1463
       Cung       0.89      0.66      0.76       191
       Cùng       0.50      0.05      0.09        21
       cưng       0.38      0.21      0.27        14
       Cũng       0.83      0.40      0.54        48
       cúng       0.44      0.11      0.18        35
       cừng       0.00      0.00      0.00         1
       Củng       0.00      0.00      0.00         1
       CùNG       0.00      0.00      0.00         1
       cụng       0.00      0.00      0.00         8
       CũNG       0.00      0.00      0.00         1
       CÙNG       0.00      0.00      0.00         1
       CUNG       0.00      0.00      0.00         1
       CUng       0.00      0.00      0.00         1

avg / total       0.90      0.91      0.90     24954
