             precision    recall  f1-score   support

       cưỡi       0.95      0.84      0.89       176
       cười       0.98      1.00      0.99      7350
       cuối       0.96      0.95      0.95      1030
       cưới       0.71      0.17      0.28        29
       cuời       0.00      0.00      0.00         4
       cưởi       0.00      0.00      0.00         4
       cườI       0.14      0.05      0.08        39
       cuốI       0.00      0.00      0.00        12
       Cuối       1.00      0.21      0.34        29
       cuội       1.00      0.92      0.96        13
       Cười       0.00      0.00      0.00         5
       Cưới       0.00      0.00      0.00         1
       cưòi       0.00      0.00      0.00         3
       cươì       0.00      0.00      0.00         1
       cươi       0.00      0.00      0.00         1
       cừơi       0.00      0.00      0.00         1

avg / total       0.97      0.97      0.97      8698
