[[ 147   27    0    1    0    1    0    0    0    0    0    0    0    0
     0    0]
 [   2 7324    8    1    1    1   12    0    0    0    1    0    0    0
     0    0]
 [   2   49  978    0    0    0    0    1    0    0    0    0    0    0
     0    0]
 [   1   23    0    5    0    0    0    0    0    0    0    0    0    0
     0    0]
 [   0    4    0    0    0    0    0    0    0    0    0    0    0    0
     0    0]
 [   2    1    1    0    0    0    0    0    0    0    0    0    0    0
     0    0]
 [   0   37    0    0    0    0    2    0    0    0    0    0    0    0
     0    0]
 [   0    0   12    0    0    0    0    0    0    0    0    0    0    0
     0    0]
 [   0    3   20    0    0    0    0    0    6    0    0    0    0    0
     0    0]
 [   0    0    0    0    0    0    0    0    0   12    1    0    0    0
     0    0]
 [   0    5    0    0    0    0    0    0    0    0    0    0    0    0
     0    0]
 [   0    1    0    0    0    0    0    0    0    0    0    0    0    0
     0    0]
 [   0    3    0    0    0    0    0    0    0    0    0    0    0    0
     0    0]
 [   0    1    0    0    0    0    0    0    0    0    0    0    0    0
     0    0]
 [   0    1    0    0    0    0    0    0    0    0    0    0    0    0
     0    0]
 [   0    1    0    0    0    0    0    0    0    0    0    0    0    0
     0    0]]