             precision    recall  f1-score   support

      cưỡng       0.97      0.93      0.95       210
      cương       0.77      0.79      0.78       285
      cuồng       0.83      0.86      0.84       322
      cường       0.86      0.87      0.86       435
      Cương       0.94      0.94      0.94       326
      Cuồng       1.00      0.82      0.90        34
      Cường       0.80      0.62      0.70        13
      cuống       0.80      0.84      0.82        57
      cuộng       0.00      0.00      0.00         1
      cưởng       0.00      0.00      0.00         1
      Cuơng       0.00      0.00      0.00         3
      Cuong       0.00      0.00      0.00         1
      CườNG       0.00      0.00      0.00         1
      CƯƠNG       0.00      0.00      0.00         1

avg / total       0.87      0.87      0.87      1690
