[[196   5   5   3   1   0   0   0   0   0   0   0   0   0]
 [  1 226  12  33  11   0   0   2   0   0   0   0   0   0]
 [  3  16 276  18   1   0   0   8   0   0   0   0   0   0]
 [  2  27  28 377   0   0   0   1   0   0   0   0   0   0]
 [  0  15   3   2 306   0   0   0   0   0   0   0   0   0]
 [  0   0   5   0   0  28   1   0   0   0   0   0   0   0]
 [  0   1   1   3   0   0   8   0   0   0   0   0   0   0]
 [  0   3   2   2   1   0   1  48   0   0   0   0   0   0]
 [  0   0   0   0   0   0   0   1   0   0   0   0   0   0]
 [  0   0   0   1   0   0   0   0   0   0   0   0   0   0]
 [  0   0   0   0   3   0   0   0   0   0   0   0   0   0]
 [  0   0   0   0   0   0   0   0   0   0   1   0   0   0]
 [  0   0   0   1   0   0   0   0   0   0   0   0   0   0]
 [  0   0   0   0   1   0   0   0   0   0   0   0   0   0]]