             precision    recall  f1-score   support

        cừu       0.93      0.83      0.88       166
        cứu       0.92      0.98      0.95      1056
        cựu       0.91      0.67      0.77        58
        Cứu       0.71      0.52      0.60        23
        cửu       0.84      0.81      0.83       162
        Cửu       0.94      0.94      0.94       394
        Cữu       0.00      0.00      0.00         2
        cữu       0.60      0.27      0.37        11
        cưu       0.00      0.00      0.00         1
        Cựu       0.00      0.00      0.00         1
        Cừu       0.85      0.52      0.65        21
        Cưu       1.00      0.33      0.50         3
        CỨU       0.00      0.00      0.00         2
        CỬU       0.00      0.00      0.00         1
        cứư       0.00      0.00      0.00         1
        CỪU       0.00      0.00      0.00         1

avg / total       0.91      0.91      0.91      1903
