             precision    recall  f1-score   support

         đã       0.95      0.99      0.97     19278
         đả       0.86      0.78      0.82       320
         dạ       0.89      0.79      0.84       658
         Đa       0.91      0.90      0.90       223
         dã       0.84      0.64      0.73       244
         đa       0.85      0.65      0.74       354
         da       0.88      0.62      0.73       416
         đá       0.86      0.71      0.78      1119
         Da       1.00      0.20      0.33         5
         đà       0.91      0.74      0.82       295
         Dạ       0.94      0.88      0.91       128
         Đã       0.88      0.45      0.60        64
         DẠ       0.00      0.00      0.00         1
         đạ       0.00      0.00      0.00         5
         Dã       0.94      0.97      0.96       263
         đẵ       0.00      0.00      0.00         2
         dà       0.00      0.00      0.00         6
         Đà       0.45      0.20      0.28        25
         đâ       0.00      0.00      0.00         1
         đẩ       0.00      0.00      0.00         1
         ĐẠ       0.00      0.00      0.00         0
         Đả       0.00      0.00      0.00         1
         đẫ       1.00      0.75      0.86         4
         đấ       0.00      0.00      0.00         4
         Đá       0.00      0.00      0.00         1
         Đạ       0.00      0.00      0.00         1

avg / total       0.94      0.94      0.94     23420
