[[19019    35    42     8    16    26    19    92     0     9     1     0
      0     1     8     0     0     0     1     0     0     0     0     0
      1     0     0]
 [   67   249     0     0     0     1     0     2     0     1     0     0
      0     0     0     0     0     0     0     0     0     0     0     0
      0     0     0]
 [  112     0   522     1     1     3     2    12     0     1     3     0
      0     0     1     0     0     0     0     0     0     0     0     0
      0     0     0]
 [   10     0     4   201     0     3     1     0     0     0     1     0
      0     0     0     0     0     3     0     0     0     0     0     0
      0     0     0]
 [   73     0     1     0   157     3     0     2     0     1     0     0
      0     0     7     0     0     0     0     0     0     0     0     0
      0     0     0]
 [  105     1     1     5     5   230     0     7     0     0     0     0
      0     0     0     0     0     0     0     0     0     0     0     0
      0     0     0]
 [  129     0     4     3     4     0   260    14     0     2     0     0
      0     0     0     0     0     0     0     0     0     0     0     0
      0     0     0]
 [  296     2     7     1     1     4    13   793     0     2     0     0
      0     0     0     0     0     0     0     0     0     0     0     0
      0     0     0]
 [    3     0     0     0     0     0     0     1     1     0     0     0
      0     0     0     0     0     0     0     0     0     0     0     0
      0     0     0]
 [   70     1     2     0     0     0     0     1     0   218     0     0
      0     0     0     0     0     3     0     0     0     0     0     0
      0     0     0]
 [    8     0     4     0     1     0     0     0     0     0   112     3
      0     0     0     0     0     0     0     0     0     0     0     0
      0     0     0]
 [   33     0     0     0     0     0     0     0     0     0     2    29
      0     0     0     0     0     0     0     0     0     0     0     0
      0     0     0]
 [    1     0     0     0     0     0     0     0     0     0     0     0
      0     0     0     0     0     0     0     0     0     0     0     0
      0     0     0]
 [    4     0     1     0     0     0     0     0     0     0     0     0
      0     0     0     0     0     0     0     0     0     0     0     0
      0     0     0]
 [    6     0     0     0     0     0     0     0     0     1     0     0
      0     0   255     0     0     0     0     0     1     0     0     0
      0     0     0]
 [    2     0     0     0     0     0     0     0     0     0     0     0
      0     0     0     0     0     0     0     0     0     0     0     0
      0     0     0]
 [    6     0     0     0     0     0     0     0     0     0     0     0
      0     0     0     0     0     0     0     0     0     0     0     0
      0     0     0]
 [   11     0     0     3     1     0     0     1     0     4     0     0
      0     0     0     0     0     5     0     0     0     0     0     0
      0     0     0]
 [    1     0     0     0     0     0     0     0     0     0     0     0
      0     0     0     0     0     0     0     0     0     0     0     0
      0     0     0]
 [    1     0     0     0     0     0     0     0     0     0     0     0
      0     0     0     0     0     0     0     0     0     0     0     0
      0     0     0]
 [    0     0     0     0     0     0     0     0     0     0     0     0
      0     0     0     0     0     0     0     0     0     0     0     0
      0     0     0]
 [    1     0     0     0     0     0     0     0     0     0     0     0
      0     0     0     0     0     0     0     0     0     0     0     0
      0     0     0]
 [    0     1     0     0     0     0     0     0     0     0     0     0
      0     0     0     0     0     0     0     0     0     0     3     0
      0     0     0]
 [    4     0     0     0     0     0     0     0     0     0     0     0
      0     0     0     0     0     0     0     0     0     0     0     0
      0     0     0]
 [    1     0     0     0     0     0     0     0     0     0     0     0
      0     0     0     0     0     0     0     0     0     0     0     0
      0     0     0]
 [    0     0     0     0     0     0     0     0     0     0     0     1
      0     0     0     0     0     0     0     0     0     0     0     0
      0     0     0]
 [    1     0     0     0     0     0     0     0     0     0     0     0
      0     0     0     0     0     0     0     0     0     0     0     0
      0     0     0]]