             precision    recall  f1-score   support

        đắc       0.96      0.98      0.97       640
        đặc       0.97      0.96      0.96       623
        dạc       0.98      0.97      0.98        65
        đac       0.00      0.00      0.00         1
        Đặc       0.67      0.50      0.57        12
        đác       1.00      1.00      1.00         7
        Đắc       1.00      0.75      0.86        12
        đạc       0.94      0.94      0.94        16
        dác       1.00      1.00      1.00         3
        dặc       1.00      1.00      1.00         6

avg / total       0.96      0.96      0.96      1385
