[[1141  367    0    1    0    3    2    0    0    0    1    0    0    0
     0    0    0    0    1    0    0    0    0    0    0]
 [ 200 7425    2   38   14    4   13    9    5    0    0    5    0    0
     0    0    0    0    0    0    0    0    0    0    0]
 [   5   24   40    0    0    0    3    0    0    0    0    0    0    0
     1    0    0    0    0    0    0    0    0    0    0]
 [   5  106    2 1395    2    5    8    5    2    0    0    0    0    0
     5    0    0    0    0    0    0    0    0    0    0]
 [   5   14    0    0  187    0    7    0    0    0    0    0    0    0
     0    0    0    0    0    0    0    0    0    0    0]
 [   3   51    0    2    0  148    0    1    0    0    0    0    0    0
     0    0    0    0    0    0    0    0    0    0    0]
 [   5   64    2   14    8    0  231    0    2    0    0    0    0    0
     0    0    0    0    0    1    0    0    0    0    0]
 [   2   19    1    2    0    0    0   32    0    1    0    0    0    0
     0    0    0    0    0    0    0    0    0    0    0]
 [   1   36    0   10    1    0    1    0   49    0    0    0    0    0
     0    0    0    0    0    0    0    0    0    0    0]
 [   0    7    0    8    0    0    1    0    0    2    0    0    0    0
     0    0    0    0    0    0    0    0    0    0    0]
 [   1    5    0    0    0    0    0    0    0    0    0    0    0    0
     0    0    0    0    0    0    0    0    0    0    0]
 [   1   43    0    1    1    0    0    0    0    0    0    0    0    0
     0    0    0    0    0    0    0    0    0    0    0]
 [   0    4    0    3    0    0    0    0    0    0    0    0    1    0
     0    0    0    0    0    0    0    0    0    0    0]
 [   0    0    0    1    0    0    0    0    0    0    0    0    0    0
     0    0    0    0    0    0    0    0    0    0    0]
 [   2   11    0    5    0    0    0    0    0    0    0    0    0    0
    13    0    0    0    0    0    0    0    0    0    0]
 [   0    0    0    0    0    2    0    0    0    0    0    0    0    0
     0    0    0    0    0    0    0    0    0    0    0]
 [   2    0    0    0    0    0    0    0    0    0    0    0    0    0
     0    0    0    0    0    0    0    0    0    0    0]
 [   0    3    0    0    0    0    0    0    0    0    0    0    0    0
     0    0    0    0    0    0    0    0    0    0    0]
 [   0    0    0    0    0    0    0    0    0    0    0    0    0    0
     0    0    0    0    0    0    0    0    0    0    0]
 [   0    0    0    0    0    0    0    0    0    0    0    0    0    0
     0    0    0    0    0    0    0    0    0    0    0]
 [   0    1    0    0    0    0    0    0    0    0    0    0    0    0
     0    0    0    0    0    0    0    0    0    0    0]
 [   0    0    0    1    1    0    0    0    0    0    0    0    0    0
     0    0    0    0    0    0    0    0    0    0    0]
 [   0    0    0    0    0    1    0    0    0    0    0    0    0    0
     0    0    0    0    0    0    0    0    0    0    0]
 [   0    0    0    0    0    0    0    0    0    0    0    0    0    0
     0    0    0    0    0    0    0    0    0    1    0]
 [   0    2    0    0    0    0    0    0    0    0    0    0    0    0
     0    0    0    0    0    0    0    0    0    0    0]]