             precision    recall  f1-score   support

        Đại       0.83      0.75      0.79      1516
        đại       0.91      0.96      0.93      7715
        dải       0.85      0.55      0.67        73
        dài       0.94      0.91      0.93      1535
        Đài       0.87      0.88      0.88       213
        đãi       0.91      0.72      0.80       205
        đài       0.87      0.71      0.78       327
        đai       0.68      0.56      0.62        57
        dại       0.84      0.50      0.63        98
        dai       0.67      0.11      0.19        18
        ĐạI       0.00      0.00      0.00         6
        đạI       0.00      0.00      0.00        46
        dãi       1.00      0.12      0.22         8
        dàì       0.00      0.00      0.00         1
        đái       0.68      0.42      0.52        31
        đải       0.00      0.00      0.00         2
        Đai       0.00      0.00      0.00         2
        ĐẠI       0.00      0.00      0.00         3
        dái       0.00      0.00      0.00         0
        Dài       0.00      0.00      0.00         0
        đấi       0.00      0.00      0.00         1
        dảI       0.00      0.00      0.00         2
        Đãi       0.00      0.00      0.00         1

avg / total       0.89      0.90      0.89     11863
