             precision    recall  f1-score   support

        dám       0.92      0.96      0.94      2142
        đảm       0.89      0.87      0.88       359
        đạm       0.95      0.93      0.94       155
        đám       0.86      0.95      0.90      1079
        đàm       0.88      0.79      0.84       102
        dẫm       0.67      0.36      0.47        55
        đâm       0.87      0.85      0.86       893
        dặm       0.85      0.93      0.89       198
        dâm       0.96      0.62      0.75       106
        đẫm       0.79      0.83      0.81        63
        đấm       0.65      0.59      0.61        87
        dậm       0.71      0.61      0.66        41
        đắm       0.83      0.86      0.85        87
        dấm       0.75      0.86      0.80         7
        đậm       0.95      0.53      0.68        40
        đầm       0.93      0.84      0.88       141
        dăm       0.86      0.43      0.57        14
        đăm       0.87      0.89      0.88        80
        dầm       1.00      0.35      0.52        17
        Đàm       0.75      0.43      0.55        35
        đằm       0.80      0.57      0.67         7
        Đám       0.25      0.03      0.05        33
        đam       0.33      0.75      0.46         4
        dạm       0.00      0.00      0.00         3
        Dám       1.00      0.11      0.20         9
        Đam       0.00      0.00      0.00         1
        Dầm       0.00      0.00      0.00         1
        dẩm       0.00      0.00      0.00         1
        Đắm       0.00      0.00      0.00         1
        Đầm       0.00      0.00      0.00         1
        Đạm       1.00      1.00      1.00         8
        Đảm       0.00      0.00      0.00         2
        đẩm       0.00      0.00      0.00         1

avg / total       0.88      0.88      0.88      5773
