             precision    recall  f1-score   support

        dần       0.93      0.91      0.92      1058
        dẫn       0.77      0.86      0.81       941
        dặn       0.75      0.75      0.75       322
        dân       0.77      0.81      0.79       482
        đàn       0.89      0.90      0.89       727
        dàn       0.88      0.60      0.71        25
        Dân       0.97      0.96      0.97       319
        dán       0.65      0.62      0.63        50
        đắn       0.62      0.43      0.51        47
        đặn       0.82      0.82      0.82        22
        Đan       0.93      0.89      0.91        92
        đạn       0.75      0.36      0.49        33
        đan       0.81      0.67      0.73        84
        dằn       0.66      0.71      0.69        49
        dấn       0.77      0.47      0.59        36
        đẫn       0.62      0.70      0.65        23
        Dẫn       0.50      0.20      0.29         5
        dãn       0.83      0.50      0.62        10
        Đàn       0.00      0.00      0.00        14
        đần       0.60      0.33      0.43         9
        dạn       0.79      0.83      0.81        23
        Đán       0.75      0.60      0.67         5
        dăn       0.75      1.00      0.86         3
        đản       1.00      0.62      0.77         8
        đán       1.00      0.25      0.40         4
        dắn       0.00      0.00      0.00         2
        đận       0.00      0.00      0.00         1
        Dần       1.00      0.29      0.44        14
        đân       0.00      0.00      0.00         1
        đãn       0.00      0.00      0.00         1
        ĐÀN       0.00      0.00      0.00         2
        dận       0.00      0.00      0.00         3
        dẩn       0.00      0.00      0.00         1
        DẪN       0.00      0.00      0.00         0
        dan       0.00      0.00      0.00         2

avg / total       0.84      0.84      0.84      4420
