             precision    recall  f1-score   support

       đáng       0.91      0.88      0.90      1308
       đằng       0.87      0.90      0.89       530
       đang       0.91      0.97      0.94      5504
       dàng       0.97      0.99      0.98       465
       đăng       0.84      0.40      0.54        77
       dáng       0.90      0.87      0.88       617
       dạng       0.78      0.64      0.70       252
       đảng       0.85      0.62      0.72       101
       Dạng       1.00      0.57      0.73        14
       đãng       0.77      0.60      0.67        57
       dâng       0.89      0.75      0.81       336
       đàng       0.71      0.31      0.43        48
       dang       0.75      0.29      0.42        31
       dặng       0.91      0.85      0.88        48
       đấng       0.83      0.73      0.77        33
       đặng       0.29      0.14      0.19        43
       đắng       0.85      0.52      0.64        33
       đẳng       0.85      0.65      0.74        63
       dằng       0.87      0.35      0.50        37
       Đáng       0.64      0.47      0.55        19
       Dáng       1.00      0.20      0.33         5
       dắng       0.00      0.00      0.00         1
       Đặng       1.00      0.40      0.57         5
       Đằng       1.00      0.20      0.33        10
       đẵng       0.00      0.00      0.00         2
       Đang       0.00      0.00      0.00         6
       Đăng       1.00      0.14      0.25         7
       Đẳng       0.00      0.00      0.00         3
       Dâng       0.00      0.00      0.00         1
       Đảng       0.88      0.50      0.64        14
       Đắng       0.00      0.00      0.00         1
       dẳng       0.00      0.00      0.00         3
       dăng       0.00      0.00      0.00         1
       đạng       0.00      0.00      0.00         1

avg / total       0.89      0.90      0.89      9676
