             precision    recall  f1-score   support

       danh       0.89      0.87      0.88      1219
       đành       0.86      0.83      0.85       829
       dành       0.72      0.58      0.64       118
       đánh       0.91      0.94      0.93      3319
       Danh       0.97      0.88      0.92        64
       đanh       0.79      0.45      0.58        33
       Đánh       0.80      0.67      0.73        18
       dánh       0.00      0.00      0.00         2
       ĐáNH       0.00      0.00      0.00         1
       đảnh       0.00      0.00      0.00         3
       Dành       0.00      0.00      0.00         1
       Đành       0.00      0.00      0.00         1

avg / total       0.89      0.90      0.90      5608
