[[1065   26    2  123    2    1    0    0    0    0    0    0]
 [  19  691    2  117    0    0    0    0    0    0    0    0]
 [   8    6   68   36    0    0    0    0    0    0    0    0]
 [  97   70   22 3126    0    3    0    1    0    0    0    0]
 [   3    0    0    2   56    0    3    0    0    0    0    0]
 [   3    3    0   12    0   15    0    0    0    0    0    0]
 [   0    1    0    5    0    0   12    0    0    0    0    0]
 [   0    1    0    1    0    0    0    0    0    0    0    0]
 [   0    0    0    1    0    0    0    0    0    0    0    0]
 [   1    0    0    2    0    0    0    0    0    0    0    0]
 [   0    0    1    0    0    0    0    0    0    0    0    0]
 [   0    1    0    0    0    0    0    0    0    0    0    0]]