             precision    recall  f1-score   support

        Đạo       0.90      0.78      0.84       971
        đạo       0.84      0.92      0.88      2962
        dao       0.68      0.46      0.55       238
        đảo       0.89      0.85      0.87       660
        đào       0.88      0.75      0.81       371
        Đao       0.69      0.68      0.69        66
        đao       0.81      0.84      0.82      1583
        dạo       0.68      0.49      0.57        74
        đáo       0.87      0.81      0.84        98
        dào       0.60      0.48      0.53        25
        Dao       0.92      0.96      0.94       342
        DẠO       0.00      0.00      0.00         1
        Đào       0.89      0.46      0.60        35
        đaọ       0.00      0.00      0.00         2
        Dạo       0.00      0.00      0.00         5
        dáo       1.00      0.38      0.55         8
        Đảo       1.00      0.25      0.40         8
        ĐảO       0.00      0.00      0.00         2
        dAo       0.00      0.00      0.00         1
        Đão       0.00      0.00      0.00         1
        Đáo       0.00      0.00      0.00         1
        Dào       0.00      0.00      0.00         1

avg / total       0.84      0.84      0.84      7455
