[[ 762  182    0    4    0    5   15    1    1    0    1    0    0    0
     0    0    0    0    0    0    0    0]
 [  71 2722    6   28    9    1  118    2    3    0    2    0    0    0
     0    0    0    0    0    0    0    0]
 [   1   17  109    2    5    0   80    1    0    0   23    0    0    0
     0    0    0    0    0    0    0    0]
 [   0   66    0  562    4    1   24    0    2    0    0    0    1    0
     0    0    0    0    0    0    0    0]
 [   0   41    1   13  278    0   27    4    0    7    0    0    0    0
     0    0    0    0    0    0    0    0]
 [   2    6    1    2    1   45    9    0    0    0    0    0    0    0
     0    0    0    0    0    0    0    0]
 [   6  160   33   12   15   12 1331    9    4    0    0    0    1    0
     0    0    0    0    0    0    0    0]
 [   1   16    1    2    1    0   15   36    2    0    0    0    0    0
     0    0    0    0    0    0    0    0]
 [   0    8    1    5    0    0    5    0   79    0    0    0    0    0
     0    0    0    0    0    0    0    0]
 [   0    4    0    0    0    0    9    0    0   12    0    0    0    0
     0    0    0    0    0    0    0    0]
 [   0    1    8    0    1    0    2    0    0    0  330    0    0    0
     0    0    0    0    0    0    0    0]
 [   0    0    0    0    0    0    1    0    0    0    0    0    0    0
     0    0    0    0    0    0    0    0]
 [   0    9    0    0    3    0    6    0    0    0    1    0   16    0
     0    0    0    0    0    0    0    0]
 [   0    0    0    0    0    0    2    0    0    0    0    0    0    0
     0    0    0    0    0    0    0    0]
 [   2    0    0    0    0    1    2    0    0    0    0    0    0    0
     0    0    0    0    0    0    0    0]
 [   0    2    0    1    0    0    2    0    0    0    0    0    0    0
     0    3    0    0    0    0    0    0]
 [   1    2    1    0    0    0    2    0    0    0    0    0    0    0
     0    0    2    0    0    0    0    0]
 [   0    1    0    1    0    0    0    0    0    0    0    0    0    0
     0    0    0    0    0    0    0    0]
 [   0    0    0    0    0    0    1    0    0    0    0    0    0    0
     0    0    0    0    0    0    0    0]
 [   1    0    0    0    0    0    0    0    0    0    0    0    0    0
     0    0    0    0    0    0    0    0]
 [   0    0    0    0    0    0    1    0    0    0    0    0    0    0
     0    0    0    0    0    0    0    0]
 [   0    0    0    0    0    0    0    0    0    1    0    0    0    0
     0    0    0    0    0    0    0    0]]