             precision    recall  f1-score   support

        đáp       0.95      0.99      0.97      1503
        dập       0.91      0.87      0.89       212
        đập       0.82      0.84      0.83       375
        đạp       0.74      0.50      0.59       115
        dáp       0.00      0.00      0.00         1
        dấp       0.58      0.50      0.54        14
        đắp       0.89      0.62      0.73        77
        Dập       0.00      0.00      0.00         1
        đấp       0.00      0.00      0.00         1
        Đập       0.00      0.00      0.00         1

avg / total       0.91      0.91      0.91      2300
