[[1188    7   44   10    1    0    0    0    2    0    0    1    0    0
     0    0    2    0    0    0    0]
 [   8  172   21    4    0    0    0    1    0    0    0    0    0    0
     0    1    0    0    0    0    0]
 [  62   11  916   36    1    1    0    1    1    0    1    0    0    3
     0    0    0    0    0    0    0]
 [  15    2   63  164    0    1    0    1    4    0    0    0    0    0
     0    0    0    0    0    0    0]
 [   1    0    0    0   49    0    0    0    0    0    0    0    0    0
     0    0    0    0    0    0    0]
 [   9    0   10    2    0  146    0    0    4    0    0    0    0    0
     0    0    0    0    0    0    0]
 [   8    1    5    1    0    0    7    0    7    0    0    0    0    0
     0    0    0    0    0    0    0]
 [  13    0   17    1    1    0    1   19    0    0    0    0    0    0
     0    0    0    0    0    0    0]
 [   3    0    2    0    0    0    4    0  448    0    0    0    0    0
     0    0    0    0    0    0    0]
 [   6    0    3    1    0    1    0    0    0    5    0    0    0    0
     0    0    0    0    0    0    0]
 [   0    0    1    0    0    0    0    0    0    0   64    0    0    0
     0    0    0    0    0    0    0]
 [   1    0    2    0    0    0    0    0    0    0    7    6    0    0
     0    0    0    0    0    0    0]
 [   1    0    0    0    0    0    0    0    0    0    0    0    0    0
     0    0    0    0    0    0    0]
 [   4    0   10    2    0    0    0    0    0    0    0    0    0    5
     0    0    0    0    0    0    0]
 [   3    0    4    0    0    0    0    0    0    0    0    0    0    0
     0    0    0    0    0    0    0]
 [   0    0    0    0    0    0    0    0    0    0    0    0    0    0
     0    0    0    0    0    0    0]
 [   4    0    0    0    0    0    0    0    0    0    0    0    0    0
     0    0    0    0    0    0    0]
 [   1    0    0    0    0    0    0    0    0    0    0    0    0    0
     0    0    0    0    0    0    0]
 [   0    0    1    0    0    0    0    0    0    0    0    0    0    0
     0    0    0    0    0    0    0]
 [   0    0    1    2    0    0    0    0    0    0    0    0    0    0
     0    0    0    0    0    0    0]
 [   2    0    0    0    0    0    0    0    0    0    0    0    0    0
     0    0    0    0    0    0    0]]