             precision    recall  f1-score   support

        đất       0.89      0.95      0.92      1255
        đạt       0.89      0.83      0.86       207
        đặt       0.83      0.89      0.86      1033
        dắt       0.74      0.66      0.69       250
        đật       0.94      0.98      0.96        50
        Đạt       0.98      0.85      0.91       171
        dật       0.58      0.24      0.34        29
        dạt       0.86      0.37      0.51        52
        Dật       0.96      0.98      0.97       457
        đắt       1.00      0.31      0.48        16
        Đát       0.89      0.98      0.93        65
        đát       0.86      0.38      0.52        16
        đẩt       0.00      0.00      0.00         1
        dặt       0.62      0.24      0.34        21
        dát       0.00      0.00      0.00         7
        Đất       0.00      0.00      0.00         0
        Dạt       0.00      0.00      0.00         4
        Dát       0.00      0.00      0.00         1
        Dắt       0.00      0.00      0.00         1
        đât       0.00      0.00      0.00         3

avg / total       0.87      0.88      0.87      3641
