             precision    recall  f1-score   support

        đầu       0.93      0.96      0.95      8281
        đâu       0.86      0.87      0.87      1946
        dấu       0.86      0.71      0.78       396
        đấu       0.88      0.84      0.86       842
        dầu       0.88      0.41      0.56       119
        dâu       0.00      0.00      0.00        24
        dẫu       0.60      0.21      0.31        29
        đau       0.88      0.85      0.86       955
        Đậu       0.91      0.81      0.86        48
        Đấu       0.00      0.00      0.00         2
        dẩu       0.00      0.00      0.00         3
        đậu       0.86      0.44      0.58       101
        Dấu       0.00      0.00      0.00         2
        Đầu       0.74      0.65      0.69       117
        đàu       0.00      0.00      0.00         6
        đáu       0.00      0.00      0.00         2
        đãu       0.00      0.00      0.00         2
        đẩu       0.57      0.40      0.47        20
        ĐÂU       0.00      0.00      0.00         1
        Đâu       0.00      0.00      0.00         3
        Dậu       0.00      0.00      0.00         2
        đầụ       0.00      0.00      0.00         1
        Đau       0.00      0.00      0.00         2
        đắu       0.00      0.00      0.00         1
        đẳu       0.00      0.00      0.00         2
        ĐẦU       0.00      0.00      0.00         1
        dáu       0.00      0.00      0.00         1
        Dẫu       0.00      0.00      0.00         6
        dậu       0.00      0.00      0.00         5
        Đẩu       0.82      0.82      0.82        11
        dàu       0.00      0.00      0.00         1
        ĐầU       0.00      0.00      0.00         1
        đâụ       0.00      0.00      0.00         2

avg / total       0.90      0.91      0.90     12935
