             precision    recall  f1-score   support

        đây       0.90      0.96      0.93      4339
        dấy       0.72      0.62      0.67        42
        dậy       0.85      0.86      0.86       748
        dạy       0.68      0.66      0.67       333
        đầy       0.83      0.87      0.85      1369
        đẩy       0.77      0.72      0.75       544
        Đây       0.93      0.67      0.78       146
        đấy       0.65      0.47      0.54       275
        dây       0.88      0.64      0.74       320
        dày       0.69      0.61      0.65       168
        dãy       0.80      0.78      0.79       129
        đáy       0.87      0.79      0.83       138
        dầy       0.31      0.08      0.13        63
        Đầy       0.00      0.00      0.00         3
        đậy       0.79      0.81      0.80        54
        đày       0.50      0.12      0.20         8
        Dậy       1.00      1.00      1.00         1
        dẫy       0.00      0.00      0.00        11
        dáy       0.00      0.00      0.00         0
        day       0.50      0.20      0.29         5
        Dấy       0.00      0.00      0.00         3
        đẫy       0.00      0.00      0.00         2
        Dây       0.50      0.25      0.33         4
        đâỷ       0.00      0.00      0.00         2
        đay       0.00      0.00      0.00         1
        dẩy       0.00      0.00      0.00         2
        Đấy       0.00      0.00      0.00         1
        Đay       0.00      0.00      0.00         1
        đảy       0.00      0.00      0.00         0
        đâỵ       0.00      0.00      0.00         1
        Dạy       0.00      0.00      0.00         0
        dậỵ       0.00      0.00      0.00         1

avg / total       0.84      0.85      0.85      8719
