             precision    recall  f1-score   support

         Đề       0.50      0.18      0.27        11
         dễ       0.88      0.81      0.84       834
         để       0.91      0.95      0.93      9108
         đệ       0.93      0.93      0.93      5056
         Đệ       0.72      0.24      0.36        54
         dè       1.00      0.50      0.67        52
         đề       0.90      0.86      0.88      1110
         dê       0.86      0.49      0.62        39
         Để       0.69      0.36      0.47        61
         Đế       0.78      0.57      0.66       137
         đế       0.93      0.90      0.91       642
         đê       0.87      0.79      0.83       112
         đẻ       0.86      0.35      0.49        52
         đè       0.82      0.44      0.57       152
         dể       0.00      0.00      0.00         8
         dẻ       1.00      0.28      0.43        18
         đe       0.60      0.64      0.62        14
         dẽ       0.00      0.00      0.00         4
         đễ       0.00      0.00      0.00         3
         đẽ       0.89      1.00      0.94        34
         dế       0.00      0.00      0.00         7
         đẹ       0.00      0.00      0.00         4
         ĐÊ       1.00      1.00      1.00         1
         Dễ       0.00      0.00      0.00         2
         ĐỆ       0.00      0.00      0.00         1
         dề       0.00      0.00      0.00         5
         Dè       0.00      0.00      0.00         2
         Đê       0.00      0.00      0.00         3
         ĐẾ       0.00      0.00      0.00         1

avg / total       0.91      0.91      0.91     17527
