[[   2    0    1    0    0    0    7    0    1    0    0    0    0    0
     0    0    0    0    0    0    0    0    0    0    0    0    0    0
     0]
 [   0  674  143   13    0    0    2    0    0    0    1    0    0    1
     0    0    0    0    0    0    0    0    0    0    0    0    0    0
     0]
 [   0   65 8681  238    0    0   74    1    1    8    9    9    3   10
     0    0    5    0    0    4    0    0    0    0    0    0    0    0
     0]
 [   0   16  306 4707    3    0   14    0    0    0    5    0    0    3
     1    0    1    0    0    0    0    0    0    0    0    0    0    0
     0]
 [   0    0   13   20   13    0    2    0    5    0    0    0    0    0
     0    0    0    0    0    0    0    0    0    1    0    0    0    0
     0]
 [   0    0   25    1    0   26    0    0    0    0    0    0    0    0
     0    0    0    0    0    0    0    0    0    0    0    0    0    0
     0]
 [   1    2  119   30    0    0  952    0    1    2    2    0    0    1
     0    0    0    0    0    0    0    0    0    0    0    0    0    0
     0]
 [   0    0   14    4    0    0    1   19    0    0    0    1    0    0
     0    0    0    0    0    0    0    0    0    0    0    0    0    0
     0]
 [   0    0   29    6    2    0    0    0   22    0    0    0    0    0
     0    0    0    0    0    0    0    0    0    2    0    0    0    0
     0]
 [   0    1   27    5    0    0    3    0    0   78   23    0    0    0
     0    0    0    0    0    0    0    0    0    0    0    0    0    0
     0]
 [   0    2   48    6    0    0    1    0    0   10  575    0    0    0
     0    0    0    0    0    0    0    0    0    0    0    0    0    0
     0]
 [   1    1   18    3    0    0    0    1    0    0    0   88    0    0
     0    0    0    0    0    0    0    0    0    0    0    0    0    0
     0]
 [   0    0   28    3    0    0    1    0    0    0    0    2   18    0
     0    0    0    0    0    0    0    0    0    0    0    0    0    0
     0]
 [   0    2   76    4    0    0    2    0    0    1    0    0    0   67
     0    0    0    0    0    0    0    0    0    0    0    0    0    0
     0]
 [   0    3    5    0    0    0    0    0    0    0    0    0    0    0
     0    0    0    0    0    0    0    0    0    0    0    0    0    0
     0]
 [   0    0   13    0    0    0    0    0    0    0    0    0    0    0
     0    5    0    0    0    0    0    0    0    0    0    0    0    0
     0]
 [   0    0    4    0    0    0    0    0    0    0    0    1    0    0
     0    0    9    0    0    0    0    0    0    0    0    0    0    0
     0]
 [   0    2    1    1    0    0    0    0    0    0    0    0    0    0
     0    0    0    0    0    0    0    0    0    0    0    0    0    0
     0]
 [   0    0    2    1    0    0    0    0    0    0    0    0    0    0
     0    0    0    0    0    0    0    0    0    0    0    0    0    0
     0]
 [   0    0    0    0    0    0    0    0    0    0    0    0    0    0
     0    0    0    0    0   34    0    0    0    0    0    0    0    0
     0]
 [   0    1    1    3    0    0    0    1    0    0    1    0    0    0
     0    0    0    0    0    0    0    0    0    0    0    0    0    0
     0]
 [   0    0    0    4    0    0    0    0    0    0    0    0    0    0
     0    0    0    0    0    0    0    0    0    0    0    0    0    0
     0]
 [   0    0    0    0    0    0    0    0    0    0    0    0    0    0
     0    0    0    0    0    0    0    0    1    0    0    0    0    0
     0]
 [   0    1    0    0    0    0    0    0    1    0    0    0    0    0
     0    0    0    0    0    0    0    0    0    0    0    0    0    0
     0]
 [   0    0    0    1    0    0    0    0    0    0    0    0    0    0
     0    0    0    0    0    0    0    0    0    0    0    0    0    0
     0]
 [   0    0    3    1    0    0    1    0    0    0    0    0    0    0
     0    0    0    0    0    0    0    0    0    0    0    0    0    0
     0]
 [   0    0    1    0    0    0    0    0    1    0    0    0    0    0
     0    0    0    0    0    0    0    0    0    0    0    0    0    0
     0]
 [   0    0    3    0    0    0    0    0    0    0    0    0    0    0
     0    0    0    0    0    0    0    0    0    0    0    0    0    0
     0]
 [   0    0    0    0    0    0    0    0    0    1    0    0    0    0
     0    0    0    0    0    0    0    0    0    0    0    0    0    0
     0]]