             precision    recall  f1-score   support

        đem       0.91      0.94      0.93      1230
        đêm       0.93      0.95      0.94      1334
        đếm       0.72      0.39      0.50        80
        đệm       1.00      0.53      0.69        19
        Đêm       0.75      0.31      0.44        39
        đềm       1.00      0.33      0.50         6
        dèm       1.00      0.83      0.91         6
        Đem       1.00      0.14      0.25         7
        ĐÊM       1.00      1.00      1.00         1
        đèm       0.00      0.00      0.00         1

avg / total       0.91      0.92      0.91      2723
