[[13970    15     5    34     1     1     0     1     0     0     0     0
      0     1]
 [   59   295     0     2     0     0     0     0     0     0     0     0
      0     0]
 [   44     1    37     0     0     0     0     0     0     0     0     0
      0     0]
 [  169     5     2   574     0     0     0     0     0     0     0     0
      0     0]
 [   29     0     0     0    13     0     0     0     0     0     0     0
      0     0]
 [    2     0     0     0     0     0     0     0     0     0     0     0
      0     0]
 [    7     0     0     0     0     0     0     0     0     0     0     0
      0     0]
 [    6     0     0     1     0     0     0     0     0     0     0     0
      0     0]
 [    1     0     0     0     0     0     0     0     0     0     0     0
      0     0]
 [    0     0     0     0     0     0     0     0     0     2     0     0
      0     0]
 [    0     0     0     0     0     0     0     0     0     0     1     0
      0     0]
 [    1     0     0     0     0     0     0     0     0     0     0     0
      0     0]
 [    1     0     0     0     0     0     0     0     0     0     0     0
      0     0]
 [    0     0     0     0     0     0     0     0     0     0     0     0
      0     0]]