             precision    recall  f1-score   support

        đến       0.98      1.00      0.99     14028
        đèn       0.93      0.83      0.88       356
        đền       0.84      0.45      0.59        82
        đen       0.94      0.77      0.84       750
        Đến       0.93      0.31      0.46        42
        đên       0.00      0.00      0.00         2
        đén       0.00      0.00      0.00         7
        dến       0.00      0.00      0.00         7
        ĐếN       0.00      0.00      0.00         1
        Đen       1.00      1.00      1.00         2
        ĐẾN       1.00      1.00      1.00         1
        đển       0.00      0.00      0.00         1
        Đèn       0.00      0.00      0.00         1

avg / total       0.97      0.97      0.97     15280
