             precision    recall  f1-score   support

         đi       0.96      0.99      0.97      8888
         dị       0.90      0.82      0.86       721
         dĩ       0.96      0.94      0.95       810
         di       0.91      0.65      0.76       358
         Di       0.93      0.87      0.90       357
         Đi       0.75      0.35      0.48        34
         dí       0.33      0.06      0.10        17
         Dĩ       1.00      0.82      0.90        90
         đì       1.00      0.40      0.57         5
         dì       0.33      0.10      0.15        20
         Dì       0.00      0.00      0.00         3
         đị       0.00      0.00      0.00         6
         Dị       0.50      0.36      0.42        25
         đỉ       1.00      0.14      0.25         7
         đĩ       0.00      0.00      0.00         6
         dỉ       0.00      0.00      0.00         2
         đI       0.00      0.00      0.00         2
         DI       0.00      0.00      0.00         1

avg / total       0.95      0.95      0.95     11352
