[[8810   37    9   12   14    1    2    0    0    0    0    0    3    0
     0    0    0    0]
 [ 109  593    7    6    1    0    0    0    0    0    0    0    5    0
     0    0    0    0]
 [  43    4  763    0    0    0    0    0    0    0    0    0    0    0
     0    0    0    0]
 [  98   14    0  233    9    0    0    0    0    4    0    0    0    0
     0    0    0    0]
 [  40    1    1    2  310    3    0    0    0    0    0    0    0    0
     0    0    0    0]
 [  22    0    0    0    0   12    0    0    0    0    0    0    0    0
     0    0    0    0]
 [  16    0    0    0    0    0    1    0    0    0    0    0    0    0
     0    0    0    0]
 [   1    0   14    0    0    0    0   74    0    0    0    0    1    0
     0    0    0    0]
 [   3    0    0    0    0    0    0    0    2    0    0    0    0    0
     0    0    0    0]
 [  17    0    0    1    0    0    0    0    0    2    0    0    0    0
     0    0    0    0]
 [   3    0    0    0    0    0    0    0    0    0    0    0    0    0
     0    0    0    0]
 [   5    1    0    0    0    0    0    0    0    0    0    0    0    0
     0    0    0    0]
 [   5   10    0    1    0    0    0    0    0    0    0    0    9    0
     0    0    0    0]
 [   6    0    0    0    0    0    0    0    0    0    0    0    0    1
     0    0    0    0]
 [   6    0    0    0    0    0    0    0    0    0    0    0    0    0
     0    0    0    0]
 [   0    0    2    0    0    0    0    0    0    0    0    0    0    0
     0    0    0    0]
 [   2    0    0    0    0    0    0    0    0    0    0    0    0    0
     0    0    0    0]
 [   0    0    0    0    1    0    0    0    0    0    0    0    0    0
     0    0    0    0]]