             precision    recall  f1-score   support

       địch       0.94      0.98      0.96      1534
       Dịch       0.95      0.97      0.96       760
       dịch       0.86      0.77      0.81       325
       đích       0.96      0.93      0.95       479
       Địch       0.89      0.65      0.75        63
       Đích       0.00      0.00      0.00         5
       dích       0.00      0.00      0.00         1
       ĐỊCH       0.00      0.00      0.00         2
       ĐịCH       0.00      0.00      0.00         1
       DỊch       0.00      0.00      0.00         1
       Dich       0.00      0.00      0.00         2
       dich       0.00      0.00      0.00         1

avg / total       0.93      0.94      0.94      3174
