[[1505    6   16    6    1    0    0    0    0    0    0    0]
 [   8  738   12    1    1    0    0    0    0    0    0    0]
 [  45   22  251    5    2    0    0    0    0    0    0    0]
 [  22    1   10  445    1    0    0    0    0    0    0    0]
 [  14    4    2    2   41    0    0    0    0    0    0    0]
 [   1    0    2    2    0    0    0    0    0    0    0    0]
 [   0    0    0    1    0    0    0    0    0    0    0    0]
 [   2    0    0    0    0    0    0    0    0    0    0    0]
 [   1    0    0    0    0    0    0    0    0    0    0    0]
 [   0    1    0    0    0    0    0    0    0    0    0    0]
 [   0    2    0    0    0    0    0    0    0    0    0    0]
 [   1    0    0    0    0    0    0    0    0    0    0    0]]