[[1063    1    3    0    6    0    1    0    0    0    1    0    0    0
     0    0]
 [   9   95    0    3    1    0    0    0    0    1    0    0    0    0
     0    0]
 [  10    0  123    0    2    0    0    0    0    0    0    0    0    0
     0    0]
 [   7    5    1   57    1    0    1    0    0    0    0    0    0    0
     0    0]
 [  24    0    0    0  219    0    0    0    1    0    0    0    0    0
     0    0]
 [   7    1    0    0    0    8    1    0    0    0    0    0    0    0
     0    0]
 [   5    0    3    0    0    2   13    0    0    0    0    0    0    0
     0    0]
 [   0    0    0    0    0    0    0    4    0    0    0    0    0    0
     0    0]
 [   0    0    0    0    0    0    0    0   41    0    0    0    0    0
     0    0]
 [   1    2    0    0    0    0    0    0    0   11    0    0    0    0
     0    0]
 [   1    0    0    0    0    0    0    0    0    0    0    0    0    0
     0    0]
 [   1    0    0    0    0    0    0    0    0    0    0    0    0    0
     0    0]
 [   4    0    0    0    1    0    0    0    0    0    0    0    0    0
     0    0]
 [   2    0    0    0    0    0    0    0    0    0    0    0    0    0
     0    0]
 [   0    0    0    0    2    0    0    0    0    0    0    0    0    0
     1    0]
 [   0    0    0    0    0    0    0    0    1    0    0    0    0    0
     0    0]]