             precision    recall  f1-score   support

       điểm       0.94      0.99      0.96      1075
       diễm       0.91      0.87      0.89       109
       điềm       0.95      0.91      0.93       135
       Diễm       0.95      0.79      0.86        72
       điếm       0.94      0.90      0.92       244
       diêm       0.80      0.47      0.59        17
       Diêm       0.81      0.57      0.67        23
       Điềm       1.00      1.00      1.00         4
       diếm       0.95      1.00      0.98        41
       diệm       0.92      0.79      0.85        14
       diểm       0.00      0.00      0.00         1
       ĐIỂM       0.00      0.00      0.00         1
       Điểm       0.00      0.00      0.00         5
       đìểm       0.00      0.00      0.00         2
       Điếm       1.00      0.33      0.50         3
       diềm       0.00      0.00      0.00         1

avg / total       0.93      0.94      0.93      1747
