[[ 71   0   4   5   9   0   0   4   0   1   1   0   0   0   0   0   0   0
    0   0]
 [  0 782   0   8   4   0   0   0   0   0   2   0   0   0   0   0   0   0
    0   0]
 [  0   2 277  20  11   0   1   6   0   0   1   0   0   3   0   0   0   1
    0   0]
 [  0   1   6 496  24   0   0   5   0  12   1   0   0   0   0   0   0   0
    0   0]
 [  4   3  10  19 697   0   1   7   0   0   0   0   0   0   1   5   0   0
    0   0]
 [  0   0   1   2   1   5   0   0   0   0   0   0   0   0   0   0   0   0
    0   0]
 [  0   0   1   2   1   0  62   1   0   0   0   0   0   0   0   0   0   0
    0   0]
 [  1   3   7  15   3   0   1 288   0   0   0   0   1   0   0   0   0   0
    0   0]
 [  0   0   0   0   0   0   0   0   1   0   0   0   0   0   0   0   0   0
    0   0]
 [  0   1   3  20   6   0   0   1   0  38   0   0   0   0   0   0   0   0
    0   0]
 [  0   2   2   6   2   0   0   1   0   0  22   0   0   0   0   0   0   0
    0   0]
 [  0   1   1   1   0   0   0   0   0   0   0   6   0   0   0   0   0   0
    0   0]
 [  0   0   0   3   3   0   1   0   0   1   0   0  20   0   0   0   0   0
    0   0]
 [  0   0   6   0   0   0   0   0   0   0   0   0   0   0   0   0   0   0
    0   0]
 [  0   0   1   0   2   0   0   0   0   0   0   0   0   0   0   0   0   0
    0   0]
 [  0   1   1   2   2   0   0   0   0   0   0   0   5   0   0   9   0   0
    0   0]
 [  0   0   0   0   0   0   0   0   0   0   0   0   0   0   0   0   1   0
    0   0]
 [  0   0   0   0   0   0   0   0   0   0   0   0   0   0   0   0   0   0
    0   0]
 [  0   0   0   0   0   0   0   0   0   1   0   0   0   0   0   0   0   0
    0   0]
 [  0   0   1   0   0   0   0   0   0   0   0   0   0   0   0   0   0   0
    0   0]]