             precision    recall  f1-score   support

       điển       0.93      0.75      0.83        95
       Điền       0.98      0.98      0.98       796
       diễn       0.86      0.86      0.86       322
       điện       0.83      0.91      0.87       545
       diện       0.91      0.93      0.92       747
       Diện       1.00      0.56      0.71         9
       Diễn       0.94      0.93      0.93        67
       điên       0.92      0.90      0.91       319
       Diến       1.00      1.00      1.00         1
       Điện       0.72      0.55      0.62        69
       điền       0.81      0.63      0.71        35
       Điển       1.00      0.67      0.80         9
       Diên       0.77      0.71      0.74        28
       diển       0.00      0.00      0.00         6
       diên       0.00      0.00      0.00         3
       Điên       0.64      0.45      0.53        20
       DIỆN       1.00      1.00      1.00         1
       Điến       0.00      0.00      0.00         0
       DIễN       0.00      0.00      0.00         1

avg / total       0.90      0.90      0.90      3074
