[[ 378   37    4    1    4    0    0    0    1    0    1    1    0    0
     0    0    0    0    0    0    0    0]
 [   9 3128    2    0    8    4    0    1    0    0    2    0    0    1
     0    0    0    0    0    0    3    0]
 [   4    2  107    0    2    0    0    0    0    0    1    0    0    0
     0    0    0    0    0    0    0    0]
 [   4   11    0   40    0    0    1    0    0    0    0    0    0    0
     0    0    0    0    0    0    0    0]
 [   1   23    0    0  171    0    0    0    0    0    0    0    0    0
     0    0    0    0    0    0    0    0]
 [   0    2    0    0    1    5    0    0    1    0    0    0    0    0
     0    0    0    0    0    0    0    0]
 [   0    6    0    0    1    0    1    0    0    0    0    0    0    0
     0    0    0    0    0    0    0    0]
 [   1    4    0    0    0    0    0   20    1    1    1    0    0    0
     0    0    0    0    0    0    0    0]
 [   2   19    0    2    1    0    0    9   22    0    0    0    0    0
     0    0    0    0    0    0    0    0]
 [   0    6    0    1    0    0    0    0    0   20    0    0    0    0
     0    0    0    0    0    0    0    0]
 [   1    9    0    0    1    0    0    0    0    0   14    0    0    0
     0    0    0    0    0    0    0    0]
 [   2    4    0    0    1    0    0    0    0    0    0   17    0    0
     0    0    0    0    0    0    0    0]
 [   0    3    0    0    0    0    0    0    0    0    0    0   13    0
     0    0    0    0    0    0    0    0]
 [   0    4    0    0    0    0    0    0    0    0    0    0    0    0
     0    0    0    0    0    0    0    0]
 [   1    3    0    0    0    0    0    0    0    0    0    0    0    0
     2    0    0    0    0    0    0    0]
 [   0    2    0    0    0    0    0    0    0    0    0    0    0    0
     0    0    0    0    0    0    0    0]
 [   0    0    0    0    0    0    0    0    0    0    0    0    0    0
     0    0    0    0    0    0    0    0]
 [   0    6    0    0    2    0    0    0    1    0    0    0    0    0
     0    0    1    0    0    0    0    0]
 [   0    1    0    0    0    0    0    0    0    0    0    0    0    0
     0    0    0    0    0    0    0    0]
 [   0    1    0    0    0    0    0    0    0    0    0    0    0    0
     0    0    0    0    0    0    0    0]
 [   0    3    0    0    0    0    0    0    0    0    0    0    0    0
     0    0    0    0    0    0    0    0]
 [   1    0    0    0    1    0    0    0    0    0    0    0    0    0
     0    0    0    0    0    0    0    1]]