             precision    recall  f1-score   support

       diệu       0.94      0.89      0.91       427
       điều       0.96      0.99      0.97      3158
       Diệu       0.95      0.92      0.93       116
       điêu       0.91      0.71      0.80        56
       điệu       0.89      0.88      0.88       195
       diều       0.56      0.56      0.56         9
       điếu       0.50      0.12      0.20         8
       Điểu       0.67      0.71      0.69        28
       điểu       0.85      0.40      0.54        55
       Diêu       0.95      0.74      0.83        27
       Điều       0.74      0.56      0.64        25
       diễu       0.94      0.71      0.81        24
       diêu       1.00      0.81      0.90        16
       đìều       0.00      0.00      0.00         4
       Điêu       1.00      0.33      0.50         6
       ĐIỀU       0.00      0.00      0.00         2
       Điếu       0.00      0.00      0.00         0
       đíều       0.00      0.00      0.00        10
       Diểu       0.00      0.00      0.00         1
       đièu       0.00      0.00      0.00         1
       diểu       0.00      0.00      0.00         3

avg / total       0.94      0.94      0.94      4174
