[[  22    4    0    1   14    0    0    0    0    0    0    0    0    0
     0    0    0    0    0    0]
 [   0 3022    1   20   13   14    0    1    0    1    1    0    0    1
     0    0    0    0    0    0]
 [   0   13    5    1    7    2    0    0    0    0    0    0    0    0
     0    0    0    0    0    0]
 [   0   57    0  285    2    5    1    1    0    4    1    0    0    0
     0    0    0    0    0    0]
 [   4   46    1    8  391    4    1    1    0    1    0    0    0    0
     0    0    0    0    0    0]
 [   0   25    2    4    4  104    0    1    0    0    0    0    0    0
     0    0    0    0    0    0]
 [   0    5    0    0    4    0   66    0    0    0    0    0    0    0
     0    0    0    0    0    0]
 [   0   21    0    5    9    0    1   73    0    0    0    0    0    0
     0    0    0    0    0    0]
 [   0    1    0    0    1    0    0    0    1    0    0    0    0    0
     0    0    0    0    0    0]
 [   0   15    0    3    0    0    1    0    0   67    0    0    0    0
     0    0    0    0    0    0]
 [   0   12    0    1    0    0    0    2    0    1   15    0    0    0
     0    0    0    0    0    0]
 [   0    0    0    0    2    0    0    0    0    0    0    0    0    0
     0    0    0    0    0    0]
 [   0    3    0    0    2    0    0    2    0    0    0    0    0    0
     0    0    0    0    0    0]
 [   0    7    0    2    2    0    0    1    0    0    0    0    0    8
     0    0    0    0    0    0]
 [   0    2    0    0    0    0    0    0    0    0    0    0    0    0
     0    0    0    0    0    0]
 [   0    0    0    0    1    0    0    0    0    0    0    0    0    0
     0    1    0    0    0    0]
 [   0    0    0    0    0    0    2    0    0    0    0    0    0    0
     0    0    0    0    0    0]
 [   0    1    0    0    0    0    0    0    0    0    0    0    0    0
     0    0    0    0    0    0]
 [   0    2    0    0    0    0    0    0    0    0    0    0    0    0
     0    0    0    0    0    0]
 [   0    2    0    0    0    0    0    0    0    0    0    0    0    0
     0    0    0    0    0    0]]