             precision    recall  f1-score   support

       đĩnh       0.85      0.54      0.66        41
       định       0.93      0.98      0.96      3074
       đính       0.56      0.18      0.27        28
       đình       0.86      0.80      0.83       356
       đỉnh       0.87      0.86      0.86       457
       dính       0.81      0.74      0.77       140
       Đỉnh       0.92      0.88      0.90        75
       đinh       0.89      0.67      0.76       109
       dinh       1.00      0.33      0.50         3
       Đình       0.91      0.78      0.84        86
       Đinh       0.88      0.48      0.62        31
       dỉnh       0.00      0.00      0.00         2
       Dĩnh       0.00      0.00      0.00         7
       Định       0.89      0.40      0.55        20
       dịnh       0.00      0.00      0.00         2
       Dinh       1.00      0.50      0.67         2
       ĐỉNH       0.00      0.00      0.00         2
       ĐỊNH       0.00      0.00      0.00         1
       ĐÌNH       0.00      0.00      0.00         2
       dĩnh       0.00      0.00      0.00         2

avg / total       0.91      0.91      0.91      4440
