             precision    recall  f1-score   support

         đó       0.86      0.93      0.89      6745
         độ       0.85      0.80      0.82       894
         Đỗ       0.96      0.90      0.93       368
         do       0.75      0.72      0.73      1625
         Do       0.00      0.00      0.00         4
         đổ       0.75      0.65      0.70       614
         đỡ       0.81      0.72      0.76       657
         dỗ       0.81      0.67      0.73        92
         Độ       0.94      0.92      0.93       108
         đồ       0.81      0.81      0.81      1365
         dò       0.84      0.82      0.83       326
         Đô       0.73      0.80      0.76       282
         đỏ       0.85      0.87      0.86       845
         dơ       0.83      0.44      0.58        34
         đo       0.61      0.31      0.41        36
         Đồ       0.86      0.80      0.83       379
         đở       0.00      0.00      0.00        25
         dở       0.84      0.58      0.69       105
         đô       0.78      0.66      0.71       279
         Đó       0.80      0.63      0.70        68
         đơ       1.00      0.09      0.17        11
         đố       0.71      0.65      0.68        54
         Đổ       0.00      0.00      0.00        12
         Dò       0.00      0.00      0.00         1
         đờ       0.76      0.51      0.61        82
         dỡ       0.00      0.00      0.00         8
         ĐỒ       0.00      0.00      0.00         7
         ĐÓ       0.00      0.00      0.00         3
         đò       0.50      0.55      0.52        31
         đỗ       0.50      0.12      0.20        16
         dó       0.00      0.00      0.00         7
         Đỏ       0.00      0.00      0.00         1
         dỏ       1.00      1.00      1.00         2
         dớ       0.00      0.00      0.00         1
         dọ       0.00      0.00      0.00         1
         đọ       0.50      0.38      0.43         8
         dổ       0.00      0.00      0.00         1
         ĐỐ       0.00      0.00      0.00         2
         Đò       0.00      0.00      0.00         1
         ĐÔ       0.00      0.00      0.00         1
         ĐỖ       0.00      0.00      0.00         1

avg / total       0.83      0.83      0.83     15102
