             precision    recall  f1-score   support

       đoan       0.87      0.81      0.84        48
       đoán       0.88      0.94      0.91       703
       đoạn       0.87      0.94      0.90       879
       đoàn       0.86      0.79      0.82       310
       Đoạn       0.93      0.67      0.78        85
       đoản       0.87      0.90      0.88       101
       Đoàn       0.67      0.17      0.27        24
       doạn       0.00      0.00      0.00         1
       đọan       0.00      0.00      0.00        12
       đóan       0.00      0.00      0.00         6
       Đoan       1.00      0.83      0.91        18
       đòan       0.00      0.00      0.00         1
       Doãn       0.00      0.00      0.00         0
       Đoản       0.88      0.58      0.70        78
       Đòan       0.00      0.00      0.00         2
       doãn       0.00      0.00      0.00         1
       doản       0.00      0.00      0.00         2
       Đọan       0.00      0.00      0.00         1

avg / total       0.86      0.87      0.86      2274
