[[ 39   8   1   0   0   0   0   0   0   0   0   0   0   0   0   0   0   0
    0]
 [  1 663  25  12   0   1   0   0   0   0   0   0   0   1   0   0   0   0
    0]
 [  1  30 822  15   3   8   0   0   0   0   0   0   0   0   0   0   0   0
    0]
 [  1  23  35 245   0   3   1   0   0   0   0   0   0   2   0   0   0   0
    0]
 [  0   4  23   0  57   0   0   0   0   0   0   0   0   1   0   0   0   0
    0]
 [  0   2   5   1   0  91   0   0   0   0   0   0   1   1   0   0   0   0
    0]
 [  2   5   3  10   0   0   4   0   0   0   0   0   0   0   0   0   0   0
    0]
 [  0   0   1   0   0   0   0   0   0   0   0   0   0   0   0   0   0   0
    0]
 [  0   2  10   0   0   0   0   0   0   0   0   0   0   0   0   0   0   0
    0]
 [  0   6   0   0   0   0   0   0   0   0   0   0   0   0   0   0   0   0
    0]
 [  1   0   2   0   0   0   0   0   0   0  15   0   0   0   0   0   0   0
    0]
 [  0   0   0   1   0   0   0   0   0   0   0   0   0   0   0   0   0   0
    0]
 [  0   0   0   0   0   0   0   0   0   0   0   0   0   0   0   0   0   0
    0]
 [  0   8  22   2   0   1   0   0   0   0   0   0   0  45   0   0   0   0
    0]
 [  0   2   0   0   0   0   0   0   0   0   0   0   0   0   0   0   0   0
    0]
 [  0   0   0   0   0   0   1   0   0   0   0   0   0   0   0   0   0   0
    0]
 [  0   1   0   0   0   0   0   0   0   0   0   0   0   1   0   0   0   0
    0]
 [  0   0   0   0   0   1   0   0   0   0   0   0   0   0   0   0   0   0
    0]
 [  0   0   1   0   1   0   0   0   0   0   0   0   0   0   0   0   0   0
    0]]