[[765  25   1  27   3   0   4   0   0   0   0   0   0   0   0   0]
 [ 12 431   1   1   0   0   1   1   0   0   0   0   0   0   0   0]
 [ 27   0 118   9   1   0   1   0   0   0   0   0   0   0   0   0]
 [ 47   3  11 271   0   0   1   0   0   0   0   0   0   0   0   0]
 [ 11   1   2   5 114   0   0   0   2   0   0   0   0   0   0   0]
 [  2   1   0   0   0   3   0   0   0   0   0   0   0   0   0   0]
 [ 12   3   1   3   1   0 171   0   0   0   0   0   0   0   0   0]
 [  0   0   0   0   0   0   6   2   0   0   0   0   0   0   0   0]
 [  1   0   0   3   4   0   0   0   3   0   0   0   0   0   0   0]
 [  0   0   1   0   0   0   0   0   0   0   0   0   0   0   0   0]
 [  0   2   0   0   0   0   0   0   0   0   0   0   0   0   0   0]
 [  0   0   1   0   0   0   0   0   0   0   0   0   0   0   0   0]
 [  1   0   0   0   0   0   0   0   0   0   0   0   0   0   0   0]
 [  0   1   0   0   0   0   0   0   0   0   0   0   0   0   0   0]
 [  2   2   0   1   0   0   0   0   0   0   0   0   0   0   0   0]
 [  1   0   0   0   0   0   0   0   0   0   0   0   0   0   0   0]]