             precision    recall  f1-score   support

        độc       0.87      0.93      0.90       825
        Độc       0.92      0.96      0.94       447
        dốc       0.87      0.76      0.81       156
        đọc       0.85      0.81      0.83       333
        đốc       0.93      0.84      0.88       135
        dóc       1.00      0.50      0.67         6
        dọc       0.93      0.90      0.91       191
        Dọc       0.67      0.25      0.36         8
        Đốc       0.60      0.27      0.37        11
        Dốc       0.00      0.00      0.00         1
        Đôc       0.00      0.00      0.00         2
        đóc       0.00      0.00      0.00         1
        ĐỐC       0.00      0.00      0.00         1
        Đọc       0.00      0.00      0.00         1
        đợc       0.00      0.00      0.00         5
        dộc       0.00      0.00      0.00         1

avg / total       0.88      0.88      0.88      2124
