             precision    recall  f1-score   support

        đời       0.80      0.86      0.83       971
        đổi       0.84      0.82      0.83       984
        đối       0.96      0.98      0.97      4404
        đòi       0.49      0.46      0.47       197
        đợi       0.71      0.79      0.74       675
        đôi       0.81      0.84      0.83       926
        Đới       0.25      0.33      0.29         3
        đới       1.00      0.38      0.55        24
        dõi       0.89      0.86      0.88       228
        đội       0.84      0.85      0.85       697
        dối       0.86      0.81      0.83        99
        đồi       0.71      0.73      0.72        75
        dỗi       0.90      0.92      0.91        78
        DỐI       0.00      0.00      0.00         1
        Đội       0.11      0.10      0.11        10
        Đợi       0.33      0.08      0.13        12
        dồi       0.71      0.33      0.45        15
        đỗi       0.82      0.80      0.81        86
        dời       0.77      0.41      0.53       112
        dội       0.85      0.78      0.82       134
        Đòi       0.00      0.00      0.00         2
        đói       0.86      0.51      0.64       107
        đốI       0.00      0.00      0.00         9
        đổI       0.00      0.00      0.00         6
        đờI       0.00      0.00      0.00         6
        Đôi       0.00      0.00      0.00        19
        dộI       0.00      0.00      0.00         1
        dơi       0.81      0.50      0.62        58
        Đời       1.00      0.14      0.25         7
        Đối       0.62      0.40      0.48        20
        đợị       0.00      0.00      0.00         1
        đọi       0.00      0.00      0.00         2
        dỏi       0.00      0.00      0.00         1
        dôi       1.00      0.33      0.50         3
        doi       0.00      0.00      0.00         1
        Đói       0.00      0.00      0.00         2
        đoi       0.00      0.00      0.00         1
        đỡi       0.00      0.00      0.00         1
        dộị       0.00      0.00      0.00         2
        đốị       0.00      0.00      0.00         2
        độI       0.00      0.00      0.00         1
        ĐỐI       0.00      0.00      0.00         2
        ĐỘI       0.00      0.00      0.00         1
        dõị       0.00      0.00      0.00         0
        Đổi       0.00      0.00      0.00         1

avg / total       0.86      0.87      0.86      9988
