             precision    recall  f1-score   support

        đởm       0.83      0.88      0.86        17
        đơm       0.50      0.33      0.40         3
        dòm       0.85      0.95      0.90        66
        đốm       0.90      0.87      0.89        31
        đóm       0.45      0.48      0.47        21
        dợm       1.00      0.64      0.78        14
        đom       0.48      0.50      0.49        22
        dỏm       0.00      0.00      0.00         1
        đờm       0.67      0.67      0.67         3
        đôm       0.00      0.00      0.00         1
        đòm       0.00      0.00      0.00         1
        dóm       0.00      0.00      0.00         1

avg / total       0.75      0.76      0.75       181
