[[380   3   2  17   0   1   0   0   2   2   0   0   0   0   0   0   0   0
    0   0   0   0   0]
 [  5 209   4  23   0   3   3   0   4   1   1   0   0   0   0   0   0   0
    1   0   0   0   0]
 [  1   4 155   7   0   4   1   0   3   0   0   0   0   0   0   0   0   0
    0   0   0   0   0]
 [ 10   8   4 422   0   7   2   1   3   2   0   0   0   0   1   0   0   0
    0   0   0   0   0]
 [  1   0   1   1 153   0   0   0   0   0   0   0   0   0   0   0   0   0
    0   0   0   0   0]
 [  2   2   1  23   0 148   0   0   2   2   0   0   0   0   0   0   0   0
    0   0   0   0   0]
 [  1   1   0   3   0   1  39   0   2   0   0   0   0   0   0   0   0   0
    0   0   0   0   0]
 [  9   0   0   3   0   0   0   0   0   0   0   0   0   0   0   0   0   0
    0   0   0   0   0]
 [  3   4   1  12   0   2   0   0  61   0   0   0   0   0   0   0   0   0
    0   0   0   0   0]
 [  1   1   1  11   0   0   1   0   0  95   1   0   0   0   0   0   0   0
    0   0   0   0   0]
 [  0   5   0   0   0   1   0   0   0   0  12   0   0   0   0   0   1   0
    0   0   0   0   0]
 [  0   0   0   0   0   0   0   0   1   0   0   0   0   0   0   0   0   0
    0   0   0   0   0]
 [  0   0   0   0   2   0   0   0   0   0   0   0   0   0   0   0   0   0
    0   0   0   0   0]
 [  0   0   1   0   0   0   0   0   0   0   0   0   0   0   0   0   0   0
    0   0   0   0   0]
 [  0   0   1   0   0   0   0   0   0   0   0   0   0   0   0   0   0   0
    0   0   0   0   0]
 [  0   0   0   1   0   0   0   0   0   0   0   0   0   0   0   0   0   0
    0   0   0   0   0]
 [  1   1   0   0   0   0   0   0   0   0   0   0   0   0   0   0   1   0
    0   0   0   0   0]
 [  1   1   0   0   0   0   0   0   0   0   0   0   0   0   0   0   0   3
    0   0   0   0   0]
 [  1   0   0   1   0   0   0   0   0   1   0   0   0   0   0   0   0   0
    0   0   0   0   0]
 [  0   0   0   0   0   1   0   0   1   0   0   0   0   0   0   0   0   0
    0   1   0   0   0]
 [  0   0   0   0   0   0   0   0   0   0   0   0   0   0   0   0   0   0
    0   0   0   1   0]
 [  0   0   0   0   0   1   0   0   0   0   0   0   0   0   0   0   0   0
    0   0   0   0   0]
 [  0   0   0   3   0   0   0   0   0   0   0   0   0   0   0   0   0   0
    0   0   0   0   0]]