             precision    recall  f1-score   support

        đơn       0.91      0.93      0.92       407
        dồn       0.87      0.82      0.85       254
        đồn       0.91      0.89      0.90       175
        đón       0.80      0.92      0.86       460
        đớn       0.99      0.98      0.98       156
        đòn       0.88      0.82      0.85       180
        đốn       0.85      0.83      0.84        47
        đôn       0.00      0.00      0.00        12
        dọn       0.77      0.73      0.75        83
        Đơn       0.92      0.86      0.89       111
        độn       0.86      0.63      0.73        19
        dòn       0.00      0.00      0.00         1
        dớn       0.00      0.00      0.00         2
        Đồn       0.00      0.00      0.00         1
        đờn       0.00      0.00      0.00         1
        dợn       0.00      0.00      0.00         1
        Độn       0.50      0.33      0.40         3
        dờn       1.00      0.60      0.75         5
        Đôn       0.00      0.00      0.00         3
        dỡn       1.00      0.33      0.50         3
        đởn       0.00      0.00      0.00         1
        Đòn       0.00      0.00      0.00         1
        đon       0.00      0.00      0.00         3

avg / total       0.86      0.87      0.86      1929
