[[1842    0  143    9   25    5    1    8   10    2    0    0    7    1
     0    2    0    1    0    0    0    0    0    0    0    0    0    0
     0    0]
 [   0   71   14    0    2    1    0    4    1    0    0    0    2    0
     0    0    0    0    0    0    0    0    0    0    0    0    0    0
     0    0]
 [  73    9 3699   16   31    9    1   12    7    0    0    0    2    0
     3    1    0    3    0    0    0    0    0    0    0    0    0    0
     0    0]
 [  24    0   54  277   17    1    0   10    3    1    0    0    4    0
     0    5    0    0    0    0    0    0    0    0    0    0    0    0
     0    0]
 [  46    3   73   14  470    4    1   40    3    0    1    0    1    0
     0    2    0    0    0    0    0    0    0    0    0    0    0    0
     0    0]
 [  20    0   29    3   15  288    0    6    5    1    0    0    0    0
     0    0    0    0    0    0    0    0    0    0    0    0    0    0
     0    0]
 [   4    0   10    1    1    0  100    3    0    0    0    0    1    0
     0    0    0    0    0    0    0    0    0    0    0    0    0    0
     0    0]
 [  26    3   44    8   59    1    3  326    2    0    0    0    0    0
     0    1    0    0    0    0    0    0    0    0    0    0    0    0
     0    0]
 [  16    1   25    0    5    3    0    4  109    0    0    0    0    0
     0    0    0    0    0    0    0    0    0    0    0    0    0    0
     0    0]
 [   5    0    4    1    6    0    1    0    0   31    0    0    1    0
     0    0    0    0    0    0    0    0    0    0    0    0    0    0
     0    0]
 [   0    0    3    0    0    0    0    0    1    0   73    0    0    0
     0    0    0    0    0    0    0    0    0    0    0    0    0    0
     0    0]
 [   0    0    3    1    0    1    0    0    0    0    0    0    0    0
     0    0    0    0    0    0    0    0    0    0    0    0    0    0
     0    0]
 [  30    0    9    3    2    1    2    4    0    1    0    0   69    0
     0    1    0    0    0    0    1    0    0    0    0    0    0    0
     0    0]
 [   0    0    1    0    0    0    0    0    0    0    0    0    0   36
     0    0    0    0    0    0    0    0    0    0    0    0    0    0
     0    0]
 [   3    1    5    1    1    0    0    0    0    0    0    0    0    0
     7    2    0    0    0    0    0    0    0    0    0    0    0    0
     0    0]
 [   5    0   10   10    2    0    0    0    0    0    0    0    0    0
     0   30    0    0    0    0    0    0    0    0    0    0    0    0
     0    0]
 [   5    0    2    2    2    0    0    0    0    0    0    0    0    0
     0    0    7    0    0    0    0    0    0    0    0    0    0    0
     0    0]
 [   0    0    0    0    0    0    0    1    0    0    0    0    0    0
     0    0    0    2    0    0    0    0    0    0    0    0    0    0
     0    0]
 [   0    0    2    0    0    0    0    0    0    0    0    0    0    0
     0    0    0    0    0    0    0    0    0    0    0    0    0    0
     0    0]
 [   3    0    1    2    0    0    0    0    0    1    0    0    1    0
     0    0    0    0    0    2    0    0    0    0    0    0    0    0
     0    0]
 [   0    0    0    0    0    1    0    0    0    0    0    0    1    0
     0    0    0    0    0    0    0    0    0    0    0    0    0    0
     0    0]
 [   0    0    0    0    0    0    0    1    0    0    0    0    0    0
     0    0    0    0    0    0    0    0    0    0    0    0    0    0
     0    0]
 [   1    0    0    0    0    0    0    0    0    0    0    0    0    0
     0    0    0    0    0    0    0    0    0    0    0    0    0    0
     0    0]
 [   0    0    1    0    0    1    0    0    0    0    0    0    0    0
     0    0    0    0    0    0    0    0    0    0    0    0    0    0
     0    0]
 [   0    0    0    1    0    0    0    0    0    0    0    0    0    0
     0    0    0    0    0    0    0    0    0    0    0    0    0    0
     0    0]
 [   0    1    0    0    0    0    0    0    0    0    0    0    0    0
     0    0    0    0    0    0    0    0    0    0    0    0    0    0
     0    0]
 [   0    0    1    0    0    0    0    0    0    0    0    0    0    0
     0    0    0    0    0    0    0    0    0    0    0    0    0    0
     0    0]
 [   2    0    0    0    0    0    0    0    0    0    0    0    0    0
     0    0    0    0    0    0    0    0    0    0    0    0    0    0
     0    0]
 [   0    0    0    0    0    1    0    0    0    0    0    0    0    0
     0    0    0    0    0    0    0    0    0    0    0    0    0    0
     0    0]
 [   0    0    1    0    0    0    0    0    0    0    0    0    0    0
     0    0    0    0    0    0    0    0    0    0    0    0    0    0
     0    0]]