             precision    recall  f1-score   support

       đồng       0.88      0.90      0.89      2056
       Động       0.80      0.75      0.77        95
       động       0.89      0.96      0.92      3866
       đóng       0.79      0.70      0.74       396
       đông       0.74      0.71      0.73       658
       dòng       0.91      0.78      0.84       367
       Đổng       0.92      0.83      0.87       120
       Đông       0.78      0.69      0.73       473
       đống       0.77      0.67      0.72       163
       dong       0.84      0.63      0.72        49
       dõng       0.99      0.95      0.97        77
       dóng       0.00      0.00      0.00         5
       Đồng       0.78      0.56      0.65       123
       Đống       0.97      0.97      0.97        37
       đong       0.70      0.35      0.47        20
       đọng       0.68      0.53      0.59        57
       dông       1.00      0.39      0.56        18
       đổng       0.33      0.67      0.44         3
       dộng       0.00      0.00      0.00         2
       dỏng       1.00      0.20      0.33        10
       Dòng       0.00      0.00      0.00         2
       dồng       0.00      0.00      0.00         1
       đỏng       0.00      0.00      0.00         1
       dọng       0.00      0.00      0.00         2
       ĐÔNG       0.00      0.00      0.00         1
       đòng       0.00      0.00      0.00         1
       ĐỒNG       0.00      0.00      0.00         1
       đờng       0.00      0.00      0.00         2
       ĐỘNG       0.00      0.00      0.00         1
       ĐộNG       0.00      0.00      0.00         1

avg / total       0.86      0.86      0.86      8608
