             precision    recall  f1-score   support

        đột       0.98      0.99      0.99      2280
        đợt       0.95      0.84      0.89        88
        Đột       0.98      0.90      0.94       368
        đốt       0.85      0.98      0.91       204
        dốt       0.89      0.50      0.64        16
        đôt       0.00      0.00      0.00         3
        dột       1.00      0.20      0.33         5
        đót       0.00      0.00      0.00         2
        ĐộT       0.00      0.00      0.00         1

avg / total       0.97      0.97      0.97      2967
