             precision    recall  f1-score   support

         dư       0.73      0.64      0.68       127
         dữ       0.92      0.89      0.91       358
         đủ       0.82      0.89      0.85       872
         dù       0.85      0.93      0.89      1501
         dự       0.89      0.90      0.90       463
         du       0.82      0.69      0.75       231
         Du       0.87      0.80      0.83       210
         dụ       0.80      0.69      0.74       272
         Dự       0.86      0.86      0.86        74
         Dù       0.92      0.56      0.70       119
         đũ       0.00      0.00      0.00        22
         dũ       0.00      0.00      0.00         1
         dứ       0.00      0.00      0.00         2
         Dư       0.94      0.94      0.94       282
         đu       0.50      0.16      0.24        19
         Dụ       1.00      0.76      0.86        21
         đừ       0.00      0.00      0.00         2
         dú       0.00      0.00      0.00         1
         dủ       0.00      0.00      0.00         1
         Đủ       0.00      0.00      0.00         3
         đứ       1.00      0.50      0.67         2
         đư       0.00      0.00      0.00         1
         Dũ       0.00      0.00      0.00         2
         Dữ       0.00      0.00      0.00         0

avg / total       0.85      0.86      0.85      4588
