[[  81    2   18   18    3    4    0    0    0    0    0    0    0    1
     0    0    0    0    0    0    0    0    0    0    0]
 [   5  320    9   10    3    2    1    5    0    0    0    0    0    2
     0    0    0    0    0    0    0    0    0    1    0]
 [   8    5  772   50    8   10    4    8    2    0    3    0    0    1
     1    0    0    0    0    0    0    0    0    0    0]
 [   5    6   40 1401   19    5    7   12    0    1    1    0    0    4
     0    0    0    0    0    0    0    0    0    0    0]
 [   1    3   20   11  418    1    2    3    3    0    0    0    0    1
     0    0    0    0    0    0    0    0    0    0    0]
 [   3    6   15   24    7  159    4   11    1    0    0    0    0    0
     1    0    0    0    0    0    0    0    0    0    0]
 [   3    1    6   17    2    2  167    1    4    2    0    0    1    4
     0    0    0    0    0    0    0    0    0    0    0]
 [   4    3   21   39    4    9    1  189    0    0    0    0    0    1
     1    0    0    0    0    0    0    0    0    0    0]
 [   0    0    2    5    0    0    1    1   64    0    0    0    0    1
     0    0    0    0    0    0    0    0    0    0    0]
 [   0    1    2   44    2    0    1    1    0   67    0    0    0    1
     0    0    0    0    0    0    0    0    0    0    0]
 [   1    1   19    1    0    0    0    0    0    0    0    0    0    0
     0    0    0    0    0    0    0    0    0    0    0]
 [   0    0    0    1    0    0    0    0    0    0    0    0    0    0
     0    0    0    0    0    0    0    0    0    0    0]
 [   0    0    0    0    2    0    0    0    0    0    0    0    0    0
     0    0    0    0    0    0    0    0    0    0    0]
 [   0    0    6    6    3    0    1    1    0    0    0    0    0  265
     0    0    0    0    0    0    0    0    0    0    0]
 [   0    0    3   10    0    1    1    1    0    0    0    0    0    0
     3    0    0    0    0    0    0    0    0    0    0]
 [   0    0    0    4    0    0    0    1    0    0    0    0    0    0
     0   16    0    0    0    0    0    0    0    0    0]
 [   0    0    0    1    0    0    1    0    0    0    0    0    0    0
     0    0    0    0    0    0    0    0    0    0    0]
 [   0    0    0    1    0    0    0    0    0    0    0    0    0    0
     0    0    0    0    0    0    0    0    0    0    0]
 [   0    0    1    0    0    0    0    0    0    0    0    0    0    0
     0    0    0    0    0    0    0    0    0    0    0]
 [   0    0    1    0    0    0    0    0    0    2    0    0    0    0
     0    0    0    0    0    0    0    0    0    0    0]
 [   0    0    0    1    0    0    0    0    0    0    0    0    0    0
     0    0    0    0    0    0    1    0    0    0    0]
 [   0    0    0    0    0    0    0    1    0    0    0    0    0    0
     0    0    0    0    0    0    0    0    0    0    0]
 [   0    0    1    0    0    0    0    1    0    0    0    0    0    0
     0    0    0    0    0    0    0    0    0    0    0]
 [   0    0    0    0    0    0    0    0    0    0    0    0    0    0
     0    0    0    0    0    0    0    0    0    0    0]
 [   0    0    0    0    0    0    1    0    0    1    0    0    0    0
     0    0    0    0    0    0    0    0    0    0    0]]