             precision    recall  f1-score   support

        dựa       0.89      0.93      0.91       411
        đứa       0.93      0.89      0.91       432
        đùa       0.93      0.80      0.86       237
        đưa       0.93      0.97      0.95      2852
        đũa       0.50      0.15      0.23        27
        dúa       1.00      0.89      0.94         9
        dũa       0.00      0.00      0.00         3
        Đưa       0.20      0.25      0.22         4
        dừa       0.00      0.00      0.00         3
        dụa       0.78      0.33      0.47        21
        đua       0.95      0.36      0.52        53
        dưa       0.70      0.52      0.60        54
        đữa       0.00      0.00      0.00         1
        dứa       0.00      0.00      0.00         2
        đủa       0.67      0.29      0.40         7
        đúa       0.83      0.62      0.71         8
        Dựa       0.00      0.00      0.00         6
        dua       1.00      0.80      0.89         5
        đựa       0.00      0.00      0.00         2
        Đứa       1.00      0.29      0.44         7
        Đũa       0.00      0.00      0.00         1
        ĐứA       0.00      0.00      0.00         1
        Dưa       0.00      0.00      0.00         1

avg / total       0.91      0.92      0.91      4147
