[[ 381    0    2   28    0    0    0    0    0    0    0    0    0    0
     0    0    0    0    0    0    0    0    0]
 [   2  385    0   44    1    0    0    0    0    0    0    0    0    0
     0    0    0    0    0    0    0    0    0]
 [   0    3  189   44    0    0    0    1    0    0    0    0    0    0
     0    0    0    0    0    0    0    0    0]
 [  38   16   10 2780    2    0    0    0    0    0    1    4    0    0
     0    1    0    0    0    0    0    0    0]
 [   0    0    0   21    4    0    0    0    0    0    0    1    0    0
     1    0    0    0    0    0    0    0    0]
 [   0    0    0    1    0    8    0    0    0    0    0    0    0    0
     0    0    0    0    0    0    0    0    0]
 [   0    0    0    3    0    0    0    0    0    0    0    0    0    0
     0    0    0    0    0    0    0    0    0]
 [   0    0    0    3    0    0    0    1    0    0    0    0    0    0
     0    0    0    0    0    0    0    0    0]
 [   0    1    0    2    0    0    0    0    0    0    0    0    0    0
     0    0    0    0    0    0    0    0    0]
 [   0    0    0    8    0    0    0    0    0    7    0    6    0    0
     0    0    0    0    0    0    0    0    0]
 [   1    1    3   29    0    0    0    0    0    0   19    0    0    0
     0    0    0    0    0    0    0    0    0]
 [   2    0    0   21    0    0    0    0    1    2    0   28    0    0
     0    0    0    0    0    0    0    0    0]
 [   0    0    0    0    1    0    0    0    0    0    0    0    0    0
     0    0    0    0    0    0    0    0    0]
 [   0    1    0    1    0    0    0    0    0    0    0    0    0    0
     0    0    0    0    0    0    0    0    0]
 [   0    0    0    4    0    0    0    0    0    0    0    1    0    0
     2    0    0    0    0    0    0    0    0]
 [   0    0    0    3    0    0    0    0    0    0    0    0    0    0
     0    5    0    0    0    0    0    0    0]
 [   3    1    0    0    0    0    0    2    0    0    0    0    0    0
     0    0    0    0    0    0    0    0    0]
 [   0    0    0    1    0    0    0    0    0    0    0    0    0    0
     0    0    0    4    0    0    0    0    0]
 [   0    0    0    2    0    0    0    0    0    0    0    0    0    0
     0    0    0    0    0    0    0    0    0]
 [   0    5    0    0    0    0    0    0    0    0    0    0    0    0
     0    0    0    0    0    2    0    0    0]
 [   0    0    0    0    0    0    0    1    0    0    0    0    0    0
     0    0    0    0    0    0    0    0    0]
 [   0    0    0    1    0    0    0    0    0    0    0    0    0    0
     0    0    0    0    0    0    0    0    0]
 [   0    0    0    1    0    0    0    0    0    0    0    0    0    0
     0    0    0    0    0    0    0    0    0]]