             precision    recall  f1-score   support

        Đức       0.89      0.86      0.87       325
        Dực       1.00      0.99      0.99       512
        đức       0.77      0.94      0.84       399
        đúc       0.92      0.60      0.73        58
        Dục       1.00      0.14      0.25         7
        đục       0.95      0.68      0.80        57
        dục       0.91      0.48      0.63        44
        đực       0.80      0.33      0.47        12
        dực       0.00      0.00      0.00         1
        Đúc       0.00      0.00      0.00         1

avg / total       0.90      0.89      0.88      1416
