             precision    recall  f1-score   support

       đụng       0.75      0.68      0.72       322
       dừng       0.86      0.83      0.84       911
       dùng       0.76      0.80      0.78      2123
       dụng       0.85      0.85      0.85       877
       đứng       0.86      0.91      0.89      3638
       đúng       0.83      0.80      0.81      1246
       dung       0.88      0.87      0.87       644
       Đúng       0.77      0.72      0.74       114
       đừng       0.80      0.82      0.81      1122
       dựng       0.83      0.69      0.75       336
       Đừng       0.74      0.40      0.52        70
       đựng       0.87      0.72      0.79       145
       đùng       0.86      0.85      0.85        59
       dũng       0.84      0.78      0.81       228
       dúng       0.50      0.31      0.38        13
       Dung       0.95      0.84      0.89       160
       Dũng       0.87      0.67      0.76        61
       dứng       0.00      0.00      0.00         9
       dưng       0.82      0.56      0.67        64
       đũng       0.00      0.00      0.00         1
       đung       0.86      0.57      0.69        21
       Đứng       0.38      0.19      0.25        16
       đủng       1.00      0.75      0.86         8
       Dùng       0.00      0.00      0.00         9
       dửng       0.17      0.10      0.12        10
       Dụng       0.00      0.00      0.00         2
       Dừng       0.50      0.40      0.44        10

avg / total       0.83      0.83      0.83     12219
