[[ 220    3   53    1   18   10    1    0    5    1    0    0    1    4
     4    0    1    0    0    0    0    0    0    0    0    0    0]
 [   2  757   50    2   64   11    2    0    9    3    0    3    1    0
     0    0    0    0    1    0    2    0    0    0    0    0    4]
 [  22   21 1709   61  137   50   20    0   69   10    0    4    2   12
     0    1    3    0    0    0    0    0    0    2    0    0    0]
 [   5    1   70  748   17   19    8    0    4    1    0    0    0    3
     0    1    0    0    0    0    0    0    0    0    0    0    0]
 [  13   65   91   16 3305   36   14    0   66   20    0    3    1    2
     0    1    1    0    3    0    0    1    0    0    0    0    0]
 [  14   10   80   21   83  992   11   11   17    2    0    1    0    4
     0    0    0    0    0    0    0    0    0    0    0    0    0]
 [   2    3   28    3   28   10  559    0    5    1    0    2    0    2
     0    0    0    0    1    0    0    0    0    0    0    0    0]
 [   0    0    0    0    3   24    0   82    0    0    2    0    0    1
     0    0    0    0    0    0    0    1    0    1    0    0    0]
 [   5    6   85    7   64   15    7    0  915    2    6    0    2    3
     0    3    0    0    1    0    0    1    0    0    0    0    0]
 [   1    3   27    3   54    8    1    0    4  232    0    1    0    1
     0    1    0    0    0    0    0    0    0    0    0    0    0]
 [   0    0    2    0    1    2    0   13   24    0   28    0    0    0
     0    0    0    0    0    0    0    0    0    0    0    0    0]
 [   0    1   23    4    5    1    2    0    2    2    0  105    0    0
     0    0    0    0    0    0    0    0    0    0    0    0    0]
 [   0    0    1    0    0    2    0    0    4    2    0    0   50    0
     0    0    0    0    0    0    0    0    0    0    0    0    0]
 [   2    1   13   11    9    6    2    0    5    0    0    1    0  178
     0    0    0    0    0    0    0    0    0    0    0    0    0]
 [   3    0    2    0    2    0    1    0    0    0    0    1    0    0
     4    0    0    0    0    0    0    0    0    0    0    0    0]
 [   0    2    7    3    2    2    4    0    4    0    0    0    0    0
     0  135    1    0    0    0    0    0    0    0    0    0    0]
 [   2    3    5    2    3    0    1    0    3    0    0    0    0    1
     0    0   41    0    0    0    0    0    0    0    0    0    0]
 [   0    0    1    0    7    1    0    0    0    0    0    0    0    0
     0    0    0    0    0    0    0    0    0    0    0    0    0]
 [   1    2    4    0    5    1    0    0    8    2    0    0    0    0
     0    0    0    0   36    0    0    0    0    0    5    0    0]
 [   0    0    0    0    1    0    0    0    0    0    0    0    0    0
     0    0    0    0    0    0    0    0    0    0    0    0    0]
 [   0    0    1    0    5    1    0    0    2    0    0    0    0    0
     0    0    0    0    0    0   12    0    0    0    0    0    0]
 [   0    1    0    0   11    0    0    1    0    0    0    0    0    0
     0    0    0    0    0    0    0    3    0    0    0    0    0]
 [   0    0    2    0    0    0    0    0    0    0    0    0    0    0
     0    0    0    0    0    0    0    0    6    0    0    0    0]
 [   0    0    6    0    0    1    0    0    0    0    1    0    0    0
     0    0    0    0    0    0    0    1    0    0    0    0    0]
 [   0    0    0    0    3    0    1    0    0    1    0    0    1    1
     0    0    0    0    2    0    0    0    0    0    1    0    0]
 [   0    0    1    1    0    0    0    0    0    0    0    0    0    0
     0    0    0    0    0    0    0    0    0    0    0    0    0]
 [   0    4    0    0    0    0    0    0    0    0    1    0    0    0
     0    0    0    0    0    0    0    1    0    0    0    0    4]]