             precision    recall  f1-score   support

       được       0.99      1.00      0.99     13615
       đuốc       0.90      0.52      0.66       118
       Được       0.96      0.78      0.86        82
       dược       0.93      0.52      0.67       167
       đưọc       0.00      0.00      0.00         9
       đựơc       0.00      0.00      0.00         0
       Dược       0.00      0.00      0.00         6
       đựoc       0.97      0.83      0.90        47
       đuợc       0.00      0.00      0.00         5
       đươc       0.00      0.00      0.00         9
       duộc       0.00      0.00      0.00         1
       đừợc       1.00      1.00      1.00         1
       đườc       0.00      0.00      0.00         1
       dước       0.00      0.00      0.00         1

avg / total       0.98      0.98      0.98     14063
