[[13590     7     3     6     1     1     4     1     0     2     0     0
      0     0     0]
 [   57    61     0     0     0     0     0     0     0     0     0     0
      0     0     0]
 [   18     0    64     0     0     0     0     0     0     0     0     0
      0     0     0]
 [   80     0     0    87     0     0     0     0     0     0     0     0
      0     0     0]
 [    9     0     0     0     0     0     0     0     0     0     0     0
      0     0     0]
 [    0     0     0     0     0     0     0     0     0     0     0     0
      0     0     0]
 [    6     0     0     0     0     0     0     0     0     0     0     0
      0     0     0]
 [    7     0     0     1     0     0     0    39     0     0     0     0
      0     0     0]
 [    5     0     0     0     0     0     0     0     0     0     0     0
      0     0     0]
 [    9     0     0     0     0     0     0     0     0     0     0     0
      0     0     0]
 [    1     0     0     0     0     0     0     0     0     0     0     0
      0     0     0]
 [    0     0     0     0     0     0     0     0     0     0     0     1
      0     0     0]
 [    1     0     0     0     0     0     0     0     0     0     0     0
      0     0     0]
 [    1     0     0     0     0     0     0     0     0     0     0     0
      0     0     0]
 [    1     0     0     0     0     0     0     0     0     0     0     0
      0     0     0]]