[[ 676   77    0    1    7    1    0    0    0    0    0    0    0    0
     0    0    0    0    0    0    0    0]
 [  30 1787    1    5   17    2    0    0    0    0    0    1    1    1
     0    0    0    0    1    0    0    0]
 [   1   11   26    0    0    0    0    0    0    0    0    0    0    0
     0    0    0    0    0    0    0    0]
 [   0   17    0    4    0    0    0    0    0    0    0    0    0    0
     0    0    0    0    0    0    0    0]
 [  12   42    0    1   94    0    0    0    0    0    1    0    0    0
     0    0    0    0    0    0    0    0]
 [   3   10    0    0    2   13    0    0    0    0    0    0    2    0
     0    0    0    0    0    0    0    0]
 [   3    0    0    2    0    0    0    0    0    0    0    0    0    0
     0    0    0    0    0    0    0    0]
 [   0    5    0    0    0    0    0    0    0    0    0    0    0    0
     0    0    0    0    0    0    0    0]
 [   4    0    0    0    0    0    0    0    0    0    0    0    0    0
     0    0    0    0    0    0    0    0]
 [   0    1    0    0    0    0    0    0    0    0    0    0    0    0
     0    0    0    0    0    0    0    0]
 [   0    0    0    0    0    0    0    0    0    0   13    0    0    0
     0    0    0    0    0    0    0    0]
 [   0    5    0    0    0    0    0    0    0    0    0    0    0    0
     0    0    0    0    0    0    0    0]
 [   0    0    0    0    0    0    0    0    0    0    0    0    0    0
     0    0    0    0    0    0    0    0]
 [   0    0    0    0    1    0    0    0    0    0    0    0    0    0
     0    0    0    0    0    0    0    0]
 [   0    1    0    0    0    0    0    0    0    0    0    0    0    0
     0    0    0    0    0    0    0    0]
 [   0    0    0    0    1    0    0    0    0    0    0    0    0    0
     0    0    0    0    0    0    0    0]
 [   0    0    0    0    0    1    0    0    0    0    0    0    0    0
     0    0    0    0    0    0    0    0]
 [   1    0    0    0    0    0    0    0    0    0    0    0    0    0
     0    0    0    0    0    0    0    0]
 [   0    0    0    0    0    0    0    0    0    0    0    0    0    0
     0    0    0    0    0    0    0    0]
 [   0    1    0    0    0    0    0    0    0    0    0    0    0    0
     0    0    0    0    0    0    0    0]
 [   0    0    0    0    1    0    0    0    0    0    0    0    0    0
     0    0    0    0    0    0    0    0]
 [   0    1    0    0    0    0    0    0    0    0    0    0    0    0
     0    0    0    0    0    0    0    0]]