             precision    recall  f1-score   support

       đuổi       0.93      0.89      0.91       762
       dưới       0.91      0.97      0.94      1846
       đuối       0.96      0.68      0.80        38
       Dưới       0.31      0.19      0.24        21
       đuôi       0.76      0.63      0.69       150
       duỗi       0.76      0.43      0.55        30
       Đuổi       0.00      0.00      0.00         5
       dướI       0.00      0.00      0.00         5
       đuổI       0.00      0.00      0.00         4
       duới       0.00      0.00      0.00         1
       đượi       0.93      1.00      0.96        13
       dưói       0.00      0.00      0.00         5
       đươi       0.00      0.00      0.00         0
       dứoi       0.00      0.00      0.00         1
       Đuôi       0.00      0.00      0.00         1
       dướị       0.00      0.00      0.00         1
       đưổi       0.00      0.00      0.00         1
       dươí       0.00      0.00      0.00         1
       dười       0.00      0.00      0.00         0
       DướI       0.00      0.00      0.00         1

avg / total       0.89      0.90      0.90      2888
