             precision    recall  f1-score   support

      đường       0.90      0.95      0.92      2984
      dương       0.84      0.72      0.77       416
      Đường       0.78      0.62      0.69       271
      Dương       0.93      0.95      0.94      2409
      đương       0.93      0.90      0.92       737
      dường       0.96      0.98      0.97       872
      dưỡng       0.90      0.73      0.81       155
      Đương       0.97      0.71      0.82        55
      Dưỡng       0.00      0.00      0.00         7
      Dường       1.00      0.38      0.55        24
      duơng       0.00      0.00      0.00         2
      Dưong       0.00      0.00      0.00         2
      ĐườNG       0.00      0.00      0.00         1
      đuờng       0.00      0.00      0.00         0
      DƯƠNG       0.00      0.00      0.00         0
      ĐƯỜNG       0.00      0.00      0.00         2
      duờng       0.00      0.00      0.00         4
      đuơng       1.00      1.00      1.00         1
      đừong       0.00      0.00      0.00         3
      Duong       0.00      0.00      0.00         1
      Dượng       0.00      0.00      0.00         2
      dưong       0.00      0.00      0.00         1
      dượng       0.00      0.00      0.00         1
      dưởng       0.00      0.00      0.00         1
      DƯơng       0.00      0.00      0.00         1
      dướng       0.00      0.00      0.00         1
      đưởng       0.00      0.00      0.00         1
      Đưong       0.00      0.00      0.00         1

avg / total       0.91      0.91      0.91      7957
