             precision    recall  f1-score   support

        gấm       0.95      0.78      0.86        46
        gầm       0.91      0.99      0.95       369
        gặm       0.75      0.23      0.35        13
        gẫm       0.00      0.00      0.00         2
        gằm       0.33      0.20      0.25         5
        gắm       1.00      0.50      0.67         2
        găm       1.00      0.40      0.57         5
        gậm       0.33      0.12      0.18         8
        gam       0.00      0.00      0.00         1

avg / total       0.89      0.90      0.89       451
