[[1149    1    2   21    4    0    0    0    0    0    0    0]
 [  17   34    1    5    2    0    0    0    0    0    0    0]
 [  11    0   71    1    0    0    0    0    0    0    0    0]
 [  32    0    0  163    1    0    0    0    0    0    0    0]
 [  18    1    0    3   19    0    0    0    0    0    0    0]
 [   5    0    0    0    0    6    0    0    0    0    0    0]
 [   0    0    0    1    0    0    0    0    0    0    0    0]
 [   4    0    0    0    0    0    0    2    0    0    0    0]
 [   4    0    0    0    0    0    0    0    0    0    0    0]
 [   4    0    0    0    0    0    0    0    0    0    0    0]
 [   0    0    0    1    0    0    0    0    0    0    0    0]
 [   1    0    0    0    0    0    0    0    0    0    0    0]]