             precision    recall  f1-score   support

        gần       0.92      0.98      0.95      1177
        gân       0.94      0.58      0.72        59
        gằn       0.96      0.86      0.90        83
        gan       0.84      0.83      0.83       196
        gắn       0.73      0.46      0.57        41
        Gần       1.00      0.55      0.71        11
        gặn       0.00      0.00      0.00         1
        gán       1.00      0.33      0.50         6
        gạn       0.00      0.00      0.00         4
        gàn       0.00      0.00      0.00         4
        Gan       0.00      0.00      0.00         1
        gẩn       0.00      0.00      0.00         1

avg / total       0.90      0.91      0.90      1584
