             precision    recall  f1-score   support

        gấp       0.89      0.80      0.84       357
        gặp       0.96      1.00      0.98      2419
        gáp       0.31      0.18      0.23        28
        gắp       1.00      0.30      0.46        20
        Gặp       1.00      0.18      0.31        11
        gập       1.00      0.48      0.65        23
        găp       0.00      0.00      0.00         2
        gầp       0.00      0.00      0.00         1

avg / total       0.95      0.95      0.94      2861
