[[137  19   9   0   3   2   4   0   0   0   0   0   1   0]
 [  6 473   0   1   1   1   3   1   0   0   0   0   0   0]
 [ 32   6   4   0   1   1   1   0   0   0   0   0   0   0]
 [  4   6   0  52   0   1   0   0   0   0   0   0   0   0]
 [  7   5   1   0   9   0   1   0   4   0   0   0   0   0]
 [  0  13   1   0   0  49   2   1   0   0   0   0   0   0]
 [  3  17   0   1   0   1  93   0   0   0   0   0   0   0]
 [  2   8   0   0   0   0   3  19   1   0   0   0   0   0]
 [  2   2   0   0   8   0   0   0   2   0   0   0   0   0]
 [  0   1   0   0   0   0   2   0   0   0   0   0   0   0]
 [  0   1   0   0   0   0   0   0   0   0   0   0   0   0]
 [  0   0   0   0   0   0   1   0   0   0   0   0   0   0]
 [  1   0   0   0   0   0   0   0   0   0   0   0   0   0]
 [  1   0   0   0   0   0   0   0   0   0   0   0   0   0]]