             precision    recall  f1-score   support

        gãy       0.70      0.78      0.74       175
        gây       0.86      0.97      0.91       486
        gẫy       0.27      0.09      0.13        45
        gáy       0.96      0.83      0.89        63
        gảy       0.41      0.33      0.37        27
        gậy       0.89      0.74      0.81        66
        gầy       0.85      0.81      0.83       115
        gay       0.90      0.58      0.70        33
        gẩy       0.29      0.14      0.19        14
        gày       0.00      0.00      0.00         3
        Gây       0.00      0.00      0.00         1
        gấy       0.00      0.00      0.00         1
        Gãy       0.00      0.00      0.00         1
        găy       0.00      0.00      0.00         1

avg / total       0.79      0.81      0.79      1031
