             precision    recall  f1-score   support

        ghế       0.89      0.99      0.94       293
        ghé       0.98      0.93      0.95       195
        ghê       0.97      0.96      0.96       230
        ghẽ       1.00      1.00      1.00         4
        ghẻ       0.00      0.00      0.00         8
        ghe       0.00      0.00      0.00         4
        ghề       0.00      0.00      0.00         4
        ghè       0.00      0.00      0.00         3
        Ghê       0.00      0.00      0.00         2

avg / total       0.91      0.94      0.92       743
