             precision    recall  f1-score   support

        giả       0.83      0.80      0.81      1297
        gia       0.89      0.94      0.92      4397
        già       0.85      0.78      0.82       821
        giá       0.85      0.73      0.79       490
        Già       0.93      0.72      0.81        18
        Gia       0.79      0.74      0.77       459
        Giả       0.83      0.73      0.78       295
        giã       0.00      0.00      0.00         8
        Giá       1.00      0.29      0.44         7
        GIả       0.00      0.00      0.00         1

avg / total       0.86      0.87      0.86      7793
