             precision    recall  f1-score   support

       giảm       0.93      0.94      0.93       199
       giam       0.89      0.91      0.90       107
       giám       0.97      0.96      0.97       490
       Giam       1.00      1.00      1.00         1
       giậm       0.74      0.93      0.82        30
       Giám       0.78      0.92      0.85        39
       giẫm       0.88      0.48      0.62        31
       giấm       1.00      0.80      0.89         5
       giạm       0.00      0.00      0.00         1
       Giậm       0.00      0.00      0.00         1

avg / total       0.93      0.93      0.93       904
