             precision    recall  f1-score   support

       gian       0.95      0.98      0.96      1742
       giản       0.99      0.81      0.89       137
       giận       0.96      0.96      0.96      1142
       gián       0.90      0.80      0.85        66
       giãn       0.89      0.71      0.79        24
       Gián       1.00      1.00      1.00        23
       giàn       0.75      0.23      0.35        13
       Gian       0.83      0.45      0.59        11
       giân       0.00      0.00      0.00         2
       GIAN       0.00      0.00      0.00         1
       Giản       0.00      0.00      0.00         1
       giạn       0.00      0.00      0.00         1
       giần       0.00      0.00      0.00         1

avg / total       0.95      0.95      0.95      3164
