[[1709    0   26    5    0    0    1    1    0    0    0    0    0]
 [  21  111    4    0    1    0    0    0    0    0    0    0    0]
 [  43    0 1096    1    1    0    0    0    0    0    1    0    0]
 [   6    1    6   53    0    0    0    0    0    0    0    0    0]
 [   7    0    0    0   17    0    0    0    0    0    0    0    0]
 [   0    0    0    0    0   23    0    0    0    0    0    0    0]
 [   7    0    3    0    0    0    3    0    0    0    0    0    0]
 [   6    0    0    0    0    0    0    5    0    0    0    0    0]
 [   0    0    2    0    0    0    0    0    0    0    0    0    0]
 [   1    0    0    0    0    0    0    0    0    0    0    0    0]
 [   0    0    1    0    0    0    0    0    0    0    0    0    0]
 [   0    0    1    0    0    0    0    0    0    0    0    0    0]
 [   0    0    1    0    0    0    0    0    0    0    0    0    0]]