[[ 738   69    2    7    0    6    0    0    0    0    0    0    0    0
     0]
 [  34 3962    1   11    2   12    0    0    0    0    0    0    0    0
     0]
 [   4   10   20    0    0    0    0    0    0    0    0    0    0    0
     0]
 [   8   22    0  458    0    7    0    0    0    0    0    0    0    0
     0]
 [   2   35    0    0   11    0    0    0    0    0    1    0    0    0
     0]
 [  14   12    0    3    0  123    0    0    0    0    0    0    0    0
     0]
 [   3    2    0    0    0    0    0    0    0    0    0    0    0    0
     0]
 [   0    0    0    0    0    1    0    0    0    0    0    0    0    0
     0]
 [   1    2    0    1    0    1    0    0    0    0    0    0    0    0
     0]
 [   1    4    0    0    0    0    0    0    0    6    0    0    0    0
     0]
 [  12    2    0    0    0    0    0    0    0    0    1    0    0    0
     0]
 [   0    0    0    1    0    0    0    0    0    0    0    0    0    0
     0]
 [   0    0    0    1    0    0    0    0    0    0    0    0    0    0
     0]
 [   0    1    0    0    0    0    0    0    0    0    0    0    0    0
     0]
 [   0    1    0    0    0    0    0    0    0    0    0    0    0    0
     0]]