             precision    recall  f1-score   support

        gió       0.90      0.90      0.90       822
        giờ       0.96      0.99      0.97      4022
        giò       0.91      0.59      0.71        34
        giơ       0.95      0.92      0.94       495
        Giờ       0.83      0.20      0.33        49
        giở       0.82      0.81      0.81       152
        giớ       0.00      0.00      0.00         5
        giỡ       0.00      0.00      0.00         1
        giỏ       0.00      0.00      0.00         5
        giỗ       1.00      0.55      0.71        11
        Gió       0.50      0.07      0.12        15
        gìơ       0.00      0.00      0.00         1
        Giơ       0.00      0.00      0.00         1
        GiỜ       0.00      0.00      0.00         1
        GIÓ       0.00      0.00      0.00         1

avg / total       0.94      0.95      0.94      5615
