             precision    recall  f1-score   support

         gỗ       0.81      0.96      0.88       288
         gõ       0.87      0.72      0.79       110
         gò       0.80      0.80      0.80        59
         gổ       0.75      0.33      0.46         9
         gở       1.00      0.70      0.82        10
         gỡ       0.93      0.71      0.81        59
         gồ       1.00      0.57      0.73        14
         gô       1.00      0.50      0.67         2
         gỏ       0.00      0.00      0.00         3
         go       0.40      0.33      0.36         6
         Go       0.00      0.00      0.00         1

avg / total       0.83      0.83      0.82       561
