             precision    recall  f1-score   support

        gọi       0.92      0.98      0.95      1173
        gởi       0.97      0.70      0.82        44
        gợi       0.96      0.47      0.63        47
        gối       0.83      0.81      0.82       111
        gói       0.79      0.50      0.61        76
        Gọi       0.50      0.33      0.40         3
        gốI       0.00      0.00      0.00         1
        gội       0.00      0.00      0.00         8
        goi       0.00      0.00      0.00         1
        gọI       0.00      0.00      0.00         3
        gỏi       0.00      0.00      0.00         1
        Gói       0.00      0.00      0.00         1

avg / total       0.90      0.91      0.90      1469
