[[1154    1    0   10    8    0    0    0    0    0    0    0]
 [  13   31    0    0    0    0    0    0    0    0    0    0]
 [  24    0   22    1    0    0    0    0    0    0    0    0]
 [  19    0    0   90    2    0    0    0    0    0    0    0]
 [  31    0    1    6   38    0    0    0    0    0    0    0]
 [   2    0    0    0    0    1    0    0    0    0    0    0]
 [   0    0    0    1    0    0    0    0    0    0    0    0]
 [   7    0    0    1    0    0    0    0    0    0    0    0]
 [   1    0    0    0    0    0    0    0    0    0    0    0]
 [   3    0    0    0    0    0    0    0    0    0    0    0]
 [   1    0    0    0    0    0    0    0    0    0    0    0]
 [   0    0    0    0    0    1    0    0    0    0    0    0]]