             precision    recall  f1-score   support

         há       0.96      0.90      0.93       338
         hạ       0.96      0.99      0.98      5702
         Hà       0.92      0.80      0.86       487
         hà       0.76      0.68      0.72       208
         ha       0.90      0.90      0.90       671
         hả       0.89      0.79      0.83       375
         Hạ       0.87      0.71      0.78       184
         Ha       0.61      0.64      0.62        61
         Há       0.00      0.00      0.00         4
         hã       0.00      0.00      0.00         2
         Hã       0.00      0.00      0.00         1
         hă       0.00      0.00      0.00         1

avg / total       0.94      0.94      0.94      8034
