[[ 305   29    1    0    1    2    0    0    0    0    0    0]
 [   6 5667   11    4    2    0   12    0    0    0    0    0]
 [   2   53  390   25    3    1    6    7    0    0    0    0]
 [   0   35    9  142   16    2    1    3    0    0    0    0]
 [   0   16    1    8  602   29    0   15    0    0    0    0]
 [   0   36    2    2   39  296    0    0    0    0    0    0]
 [   1   43    7    0    0    3  130    0    0    0    0    0]
 [   0    5    4    5    8    0    0   39    0    0    0    0]
 [   4    0    0    0    0    0    0    0    0    0    0    0]
 [   0    0    0    0    1    1    0    0    0    0    0    0]
 [   0    1    0    0    0    0    0    0    0    0    0    0]
 [   0    1    0    0    0    0    0    0    0    0    0    0]]