             precision    recall  f1-score   support

        hai       0.95      0.99      0.97     10238
        hài       0.86      0.78      0.82       246
        Hai       0.92      0.69      0.79       570
        hại       0.90      0.87      0.89      1140
        Hải       0.96      0.86      0.91       631
        hãi       0.96      0.97      0.97       710
        hái       0.86      0.37      0.52        68
        hải       0.82      0.46      0.59       177
        HAI       0.00      0.00      0.00         1
        Hài       0.82      0.77      0.80        43
        hạI       0.00      0.00      0.00         6
        Hái       0.00      0.00      0.00         1
        hạị       0.00      0.00      0.00         2
        Hãi       0.00      0.00      0.00         1
        haì       0.00      0.00      0.00         1
        Hại       0.00      0.00      0.00         1
        hậi       0.00      0.00      0.00         1
        hãị       0.00      0.00      0.00         2
        hảI       0.00      0.00      0.00         1

avg / total       0.94      0.94      0.94     13840
