[[10102    14    22    72     5    13     4     6     0     0     0     0
      0     0     0     0     0     0     0]
 [   40   192     0     7     0     0     0     0     0     7     0     0
      0     0     0     0     0     0     0]
 [  170     0   393     5     0     0     0     2     0     0     0     0
      0     0     0     0     0     0     0]
 [  141     1     5   991     1     1     0     0     0     0     0     0
      0     0     0     0     0     0     0]
 [   70     3     4     8   541     0     0     5     0     0     0     0
      0     0     0     0     0     0     0]
 [   13     1     0     0     1   692     0     3     0     0     0     0
      0     0     0     0     0     0     0]
 [   35     2     0     4     0     0    25     2     0     0     0     0
      0     0     0     0     0     0     0]
 [   64     2     0     6    14    10     0    81     0     0     0     0
      0     0     0     0     0     0     0]
 [    1     0     0     0     0     0     0     0     0     0     0     0
      0     0     0     0     0     0     0]
 [    0     9     1     0     0     0     0     0     0    33     0     0
      0     0     0     0     0     0     0]
 [    2     0     0     4     0     0     0     0     0     0     0     0
      0     0     0     0     0     0     0]
 [    1     0     0     0     0     0     0     0     0     0     0     0
      0     0     0     0     0     0     0]
 [    0     0     0     2     0     0     0     0     0     0     0     0
      0     0     0     0     0     0     0]
 [    1     0     0     0     0     0     0     0     0     0     0     0
      0     0     0     0     0     0     0]
 [    1     0     0     0     0     0     0     0     0     0     0     0
      0     0     0     0     0     0     0]
 [    0     0     1     0     0     0     0     0     0     0     0     0
      0     0     0     0     0     0     0]
 [    1     0     0     0     0     0     0     0     0     0     0     0
      0     0     0     0     0     0     0]
 [    0     0     0     0     0     2     0     0     0     0     0     0
      0     0     0     0     0     0     0]
 [    1     0     0     0     0     0     0     0     0     0     0     0
      0     0     0     0     0     0     0]]