[[ 40   0   1   1   7   0   0   0   0   0   0   0   0   0   0   0   0   0
    0]
 [  2   6   4   0   2   0   0   0   1   0   0   0   0   0   0   0   0   0
    0]
 [  1   0 123   2   4   0   0   0   2   0   0   0   0   0   0   0   0   0
    0]
 [  0   0   0 504   0   0   0   0   0   0   0   0   0   0   0   0   0   0
    0]
 [  5   0   2   8 198   1   0   0   4   3   1   0   4   0   0   0   0   0
    0]
 [  0   0   0   0   0   7   0   0   3   0   0   0   3   0   0   0   0   0
    0]
 [  1   0   2   0   1   0  20   0   1   0   0   0   0   0   0   0   0   0
    0]
 [  0   0   0   0   1   0   0  19   0   0   0   0   0   0   0   0   0   0
    0]
 [  3   0   6   1   5   6   1   1 118   0   0   0   3   0   0   0   0   0
    0]
 [  0   0   2   0   4   0   0   0   1  29   0   0   2   0   0   0   0   0
    0]
 [  0   0   1   0   0   0   0   0   1   1   1   0   0   0   0   0   0   0
    0]
 [  0   0   0   0   0   0   0   0   0   0   0   0   1   0   0   0   0   0
    0]
 [  0   0   2   0   6   0   0   0   0   0   0   0  61   0   0   0   0   0
    0]
 [  0   0   0   0   0   0   0   0   0   0   0   0   0   1   0   0   0   0
    0]
 [  0   0   0   0   1   0   0   0   0   0   0   0   0   0   0   0   0   0
    0]
 [  0   0   1   0   0   0   0   0   0   0   0   0   0   0   0   0   0   0
    0]
 [  0   0   0   0   1   0   0   0   0   0   0   0   0   0   0   0   0   0
    0]
 [  0   0   0   0   0   0   0   0   0   0   1   0   0   0   0   0   0   0
    0]
 [  0   0   0   0   0   0   0   0   1   0   0   0   0   0   0   0   0   0
    0]]