             precision    recall  f1-score   support

        ham       0.77      0.82      0.79        49
        hám       1.00      0.40      0.57        15
        hãm       0.85      0.93      0.89       132
        Hàm       0.98      1.00      0.99       504
        hàm       0.86      0.88      0.87       226
        hằm       0.50      0.54      0.52        13
        hâm       0.95      0.80      0.87        25
        hậm       0.95      0.95      0.95        20
        hầm       0.89      0.82      0.86       144
        hạm       0.88      0.76      0.82        38
        Hạm       0.33      0.25      0.29         4
        Hâm       0.00      0.00      0.00         1
        hăm       0.82      0.88      0.85        69
        hẩm       1.00      1.00      1.00         1
        HĂM       0.00      0.00      0.00         1
        hảm       0.00      0.00      0.00         1
        Hăm       0.00      0.00      0.00         1
        HẠM       0.00      0.00      0.00         1
        HÃM       0.00      0.00      0.00         1

avg / total       0.90      0.90      0.90      1246
