[[ 252    0    0  161    7    0    4    0    1    1    0    2    0    0
     1    0    0    0    0    0    0    0]
 [   0   66    0   39    1    0    2    1    0    0    0    0    0    0
     1    0    0    0    0    0    0    0]
 [   1    0    5    3   29    0    0    0    0    0    0    0    0    0
     0    0    0    0    0    0    0    0]
 [  36    7    0 4817   55   29   30    8    6   11    1   14    7    0
     0    0    0    0    0    0    0    0]
 [   4    2    3   75  474    3    5    5    0    2    0    1    0    0
     0    0    0    0    0    0    0    0]
 [   1    1    0   59    5  200   33    4    1    5    0    2    0    0
     0    0    0    0    0    0    0    0]
 [   0    0    0   23    0   21  702    1    0    0    1    0    0    0
     0    0    0    0    0    0    0    0]
 [   2    2    0   51    4    6    1  186    0   29    1    0    0    0
     0    0    0    0    0    0    0    0]
 [   2    0    0    5    0    0    0    0  120    0    0    0    0    0
     0    0    0    0    0    0    0    0]
 [   0    0    0   41    3    8    1   12    1 1229    0    1    0    0
     0    0    0    0    0    0    0    0]
 [   0    1    0    9    1    0    6    1    0    0   62    0    0    0
    17    0    0    0    0    0    0    0]
 [   0    0    0  110    1    1    2    0    0    1    0  203    0    0
     0    0    0    0    0    0    0    0]
 [   0    0    0   12    5    1    0    0    1    0    0    0   42    0
     0    0    0    0    0    0    0    0]
 [   0    0    0    6    0    0    0    0    0    0    0    0    0    0
     0    0    0    0    0    0    0    0]
 [   0    0    0    9    1    1    2    0    0    0    4    0    0    0
    75    0    0    0    0    0    0    0]
 [   0    0    1    7    1    0    0    0    0    0    0    0    0    0
     0    2    0    0    0    0    0    0]
 [   0    0    0    0    1    1    0    0    0    0    0    0    0    0
     0    0    0    0    0    0    0    0]
 [   0    0    0    1    0    0    0    0    0    0    0    0    0    0
     0    0    0    0    0    0    0    0]
 [   0    0    0    0    0    0    0    0    0    0    0    2    0    0
     0    0    0    0    0    0    0    0]
 [   0    0    0    0    0    1    0    0    0    0    0    0    0    0
     0    0    0    0    0    0    0    0]
 [   0    0    0    0    0    0    0    0    0    0    0    1    0    0
     0    0    0    0    0    0    0    0]
 [   0    0    0    1    0    0    0    0    0    0    0    0    0    0
     0    0    0    0    0    0    0    0]]