             precision    recall  f1-score   support

        hẳn       0.85      0.59      0.69       429
        hạn       0.84      0.60      0.70       110
        han       0.56      0.13      0.21        38
        hắn       0.89      0.96      0.92      5021
        hận       0.81      0.83      0.82       574
        Hán       0.74      0.64      0.69       311
        hán       0.89      0.94      0.91       748
        hàn       0.85      0.66      0.74       282
        hân       0.92      0.94      0.93       127
        Hàn       0.96      0.95      0.95      1296
        hãn       0.90      0.64      0.75        97
        Hắn       0.90      0.64      0.75       318
        hằn       0.86      0.69      0.76        61
        hẵn       0.00      0.00      0.00         6
        Hãn       0.80      0.82      0.81        92
        hấn       1.00      0.18      0.31        11
        Hận       0.00      0.00      0.00         2
        Hăn       0.00      0.00      0.00         1
        Hẳn       0.00      0.00      0.00         2
        HáN       0.00      0.00      0.00         1
        Hân       0.00      0.00      0.00         1
        hản       0.00      0.00      0.00         1

avg / total       0.88      0.89      0.88      9529
