             precision    recall  f1-score   support

       hạng       0.85      0.79      0.82       508
       hàng       0.84      0.94      0.89      1161
       Hạng       0.99      0.99      0.99      5162
       hắng       0.97      0.91      0.94       154
       Hằng       1.00      0.99      0.99       444
       hang       0.96      0.75      0.84       132
       hăng       0.91      0.74      0.82        58
       hằng       0.62      0.26      0.36        39
       Hàng       0.97      0.73      0.84        98
       hẫng       1.00      1.00      1.00         7
       hẵng       0.00      0.00      0.00         0
       hãng       0.75      0.75      0.75         8
       Hang       0.00      0.00      0.00         6
       háng       0.00      0.00      0.00         2
       Hãng       0.00      0.00      0.00         2
       hảng       0.00      0.00      0.00         1

avg / total       0.95      0.96      0.95      7783
