[[ 401   85   19    1    0    0    1    0    1    0    0    0    0    0
     0    0    0]
 [  49 1089   13    0    0    3    1    4    1    0    0    0    1    0
     0    0    0]
 [   9   25 5125    0    0    0    0    1    0    0    0    1    0    1
     0    0    0]
 [   2    7    1  140    0    0    2    0    0    0    2    0    0    0
     0    0    0]
 [   0    1    0    0  441    1    0    1    0    0    0    0    0    0
     0    0    0]
 [   7   23    0    2    0   99    0    0    0    0    0    1    0    0
     0    0    0]
 [   2   13    0    0    0    0   43    0    0    0    0    0    0    0
     0    0    0]
 [   1   24    3    1    0    0    0   10    0    0    0    0    0    0
     0    0    0]
 [   1   20    3    0    2    0    0    0   72    0    0    0    0    0
     0    0    0]
 [   0    0    0    0    0    0    0    0    0    7    0    0    0    0
     0    0    0]
 [   0    0    0    0    0    0    0    0    0    0    0    0    0    0
     0    0    0]
 [   1    1    0    0    0    0    0    0    0    0    0    6    0    0
     0    0    0]
 [   0    5    1    0    0    0    0    0    0    0    0    0    0    0
     0    0    0]
 [   0    0    2    0    0    0    0    0    0    0    0    0    0    0
     0    0    0]
 [   0    2    0    0    0    0    0    0    0    0    0    0    0    0
     0    0    0]
 [   0    1    0    0    0    0    0    0    0    0    0    0    0    0
     0    0    0]
 [   0    1    0    0    0    0    0    0    0    0    0    0    0    0
     0    0    0]]