             precision    recall  f1-score   support

       hành       0.96      0.98      0.97      2092
       Hành       0.98      0.92      0.95       597
       hạnh       0.88      0.92      0.90       350
       hãnh       0.67      0.61      0.64        23
       hanh       1.00      0.33      0.50         9
       Hạnh       0.96      0.81      0.88        31
       HÀNH       0.00      0.00      0.00         1
       HẠNH       0.00      0.00      0.00         2
       Hánh       0.00      0.00      0.00         1
       HàNH       0.00      0.00      0.00         1

avg / total       0.95      0.95      0.95      3107
