             precision    recall  f1-score   support

        hao       0.92      0.92      0.92       118
        hào       0.93      0.96      0.95       630
        hảo       0.92      0.96      0.94       511
        Hảo       0.96      0.87      0.92        93
        hão       0.69      0.50      0.58        18
        Hào       0.89      0.67      0.76        24
        hạo       0.91      0.94      0.92        31
        háo       1.00      0.72      0.84        58
        Hạo       0.99      0.96      0.97       138

avg / total       0.93      0.93      0.93      1621
