             precision    recall  f1-score   support

        hất       0.83      0.91      0.87       221
        hát       0.89      0.76      0.82       166
        hắt       0.89      0.86      0.88        88
        hạt       0.90      0.95      0.92       198
        hảt       0.00      0.00      0.00         1
        Hát       1.00      0.50      0.67         2
        Hắt       0.00      0.00      0.00         1
        Hạt       0.00      0.00      0.00         1
        hật       0.00      0.00      0.00         2
        hẳt       0.00      0.00      0.00         1

avg / total       0.87      0.87      0.87       681
