             precision    recall  f1-score   support

        hầu       0.89      0.90      0.90       562
        hậu       0.85      0.89      0.87      1473
        Hầu       0.97      0.89      0.93       439
        Hậu       0.56      0.47      0.51       320
        hâu       0.00      0.00      0.00         2
        háu       0.30      0.27      0.29        11
        hau       0.30      0.27      0.29        11
        hấu       0.00      0.00      0.00         1
        HẦU       0.00      0.00      0.00         1
        hậụ       0.00      0.00      0.00         1

avg / total       0.84      0.84      0.84      2821
