             precision    recall  f1-score   support

        hay       0.93      0.95      0.94      3539
        hãy       0.88      0.88      0.88      1567
        Hay       0.93      0.86      0.89       282
        Hãy       0.89      0.51      0.65       108
        hẩy       0.00      0.00      0.00         1
        haỵ       0.00      0.00      0.00         3
        háy       1.00      0.60      0.75         5
        hây       0.00      0.00      0.00         3
        hảy       0.00      0.00      0.00         1

avg / total       0.92      0.92      0.92      5509
