             precision    recall  f1-score   support

         hề       0.98      0.99      0.99      1265
         hệ       0.95      0.98      0.97       625
         hé       0.76      0.66      0.71        73
         hễ       0.75      0.84      0.79        94
         hê       0.75      0.75      0.75         8
         hể       0.00      0.00      0.00         7
         Hề       0.97      0.90      0.93        39
         he       0.33      0.08      0.12        13
         hế       0.00      0.00      0.00         4
         hè       0.81      0.48      0.60        27
         hẹ       0.00      0.00      0.00         1
         Hệ       1.00      0.11      0.20         9
         Hễ       0.00      0.00      0.00         0
         Hé       0.67      0.57      0.62         7

avg / total       0.94      0.95      0.94      2173
