[[1258    4    0    2    0    1    0    0    0    0    0    0    0    0
     0]
 [   3  614    1    6    0    0    0    0    0    0    0    0    0    1
     0]
 [  13    6   48    6    0    0    0    0    0    0    0    0    0    0
     0]
 [   3    6    4   79    0    0    1    0    0    1    0    0    0    0
     0]
 [   0    0    0    0    6    0    0    2    0    0    0    0    0    0
     0]
 [   3    0    2    1    1    0    0    0    0    0    0    0    0    0
     0]
 [   1    1    1    0    0    0   35    0    0    0    0    0    0    1
     0]
 [   2    2    4    2    0    0    0    1    0    2    0    0    0    0
     0]
 [   2    0    1    1    0    0    0    0    0    0    0    0    0    0
     0]
 [   1    3    2    6    1    0    0    0    0   13    0    0    1    0
     0]
 [   0    1    0    0    0    0    0    0    0    0    0    0    0    0
     0]
 [   0    7    0    1    0    0    0    0    0    0    0    1    0    0
     0]
 [   0    0    0    0    0    0    0    0    0    0    0    0    0    0
     0]
 [   1    1    0    1    0    0    0    0    0    0    0    0    0    4
     0]
 [   0    1    0    0    0    0    0    0    0    0    0    0    0    0
     0]]