             precision    recall  f1-score   support

         hi       0.86      0.83      0.84       121
         Hi       0.98      0.98      0.98       299
         hì       0.94      0.95      0.94       290
         hỉ       0.88      0.97      0.92        65
         Hỉ       0.92      0.92      0.92        13
         hí       0.90      0.90      0.90        48
         Hì       0.00      0.00      0.00         5
         hĩ       0.00      0.00      0.00         1

avg / total       0.93      0.93      0.93       842
