             precision    recall  f1-score   support

       hiện       0.94      0.98      0.96      2581
       hiển       0.91      0.97      0.94       453
       Hiên       0.98      0.98      0.98       239
       hiền       0.87      0.80      0.83       201
       hiên       0.99      0.76      0.86       109
       Hiền       0.80      0.70      0.75        74
       Hiện       0.88      0.59      0.71       104
       hiến       0.73      0.26      0.38        43
       Hiển       0.79      0.47      0.59        32
       Hiến       0.00      0.00      0.00         6
       HIÊN       0.00      0.00      0.00         1
       HIỆN       0.50      1.00      0.67         1
       hiễn       0.00      0.00      0.00         1
       Hịên       0.00      0.00      0.00         1

avg / total       0.93      0.93      0.93      3846
