[[2532   27    2    9    1    3    2    4    0    0    0    1    0    0]
 [  11  439    0    2    0    0    0    0    1    0    0    0    0    0]
 [   3    1  235    0    0    0    0    0    0    0    0    0    0    0]
 [  30    2    0  161    0    8    0    0    0    0    0    0    0    0]
 [  24    0    0    2   83    0    0    0    0    0    0    0    0    0]
 [   7    0    1    7    0   52    5    0    2    0    0    0    0    0]
 [  41    0    0    0    0    1   61    0    1    0    0    0    0    0]
 [  29    0    0    2    0    1    0   11    0    0    0    0    0    0]
 [   5   11    0    1    0    0    0    0   15    0    0    0    0    0]
 [   4    0    0    2    0    0    0    0    0    0    0    0    0    0]
 [   0    0    1    0    0    0    0    0    0    0    0    0    0    0]
 [   0    0    0    0    0    0    0    0    0    0    0    1    0    0]
 [   1    0    0    0    0    0    0    0    0    0    0    0    0    0]
 [   0    0    0    0    0    0    1    0    0    0    0    0    0    0]]