[[2748   32    0    3   20    2    0    2    0    0    0    0    0    0]
 [  55  570    3    1    0    0    0    0    0    0    0    0    0    0]
 [   2    2   12    0    0    0    0    0    0    0    0    0    0    0]
 [  35    9    0  172    1    0    0    0    0    0    0    0    0    0]
 [  31    0    0    0    2    0    0    0    0    0    0    0    0    0]
 [  11    4    0    1    0  180    0    0    0    0    0    0    0    0]
 [   2    0    0    0    0    0    0    0    0    0    0    0    0    0]
 [   0    0    0    0    0    0    0    0    0    0    0    0    0    0]
 [   2    0    0    0    0    0    0    0    0    0    0    0    0    0]
 [   2    0    0    0    0    0    0    0    0    0    0    0    0    0]
 [   1    0    0    0    0    0    0    0    0    0    0    0    0    0]
 [   1    0    0    0    0    0    0    0    0    0    0    0    0    0]
 [   1    0    0    0    0    0    0    0    0    0    0    0    0    0]
 [   0    1    0    0    0    0    0    0    0    0    0    0    0    0]]