             precision    recall  f1-score   support

       hiểu       0.95      0.98      0.96      2807
       hiệu       0.92      0.91      0.91       629
       Hiệu       0.80      0.75      0.77        16
       hiếu       0.97      0.79      0.87       217
       hiễu       0.09      0.06      0.07        33
       Hiếu       0.99      0.92      0.95       196
       Hiểu       0.00      0.00      0.00         2
       hiều       0.00      0.00      0.00         0
       hiẻu       0.00      0.00      0.00         2
       hiêu       0.00      0.00      0.00         2
       HIểU       0.00      0.00      0.00         1
       HIỂU       0.00      0.00      0.00         1
       hiệụ       0.00      0.00      0.00         1

avg / total       0.94      0.94      0.94      3908
