             precision    recall  f1-score   support

         hộ       0.88      0.84      0.86       427
         hô       0.86      0.85      0.85       657
         hổ       0.87      0.75      0.80       429
         hồ       0.92      0.92      0.92      1994
         họ       0.86      0.94      0.90      3206
         ho       0.79      0.69      0.73       177
         hò       0.98      0.94      0.96       127
         Họ       0.92      0.41      0.56        59
         hỗ       0.58      0.29      0.39        24
         Hồ       0.98      0.97      0.98      4374
         Hô       0.85      0.58      0.69        19
         hở       0.92      0.89      0.90       299
         hờ       0.90      0.85      0.88        95
         hố       0.64      0.44      0.52        61
         hơ       0.45      0.45      0.45        11
         Hổ       0.95      0.75      0.84        83
         Hộ       0.88      0.54      0.67        13
         HỌ       0.00      0.00      0.00         1
         HÔ       0.00      0.00      0.00         1
         hớ       0.00      0.00      0.00         7
         hó       0.50      1.00      0.67         2
         Hỏ       0.00      0.00      0.00         1
         HỘ       0.00      0.00      0.00         1
         hợ       0.00      0.00      0.00         1
         HỒ       0.60      0.60      0.60         5

avg / total       0.92      0.92      0.91     12074
