[[ 357    8    3    8   45    2    0    0    0    4    0    0    0    0
     0    0    0    0    0    0    0    0    0    0    0]
 [   4  557    2    7   59   14    0    0    0    3    2    3    0    5
     1    0    0    0    0    0    0    0    0    0    0]
 [   3   10  322   15   61    4    1    0    1    4    0    2    5    0
     0    1    0    0    0    0    0    0    0    0    0]
 [   1    8   11 1833   96    5    2    0    2   27    0    2    0    7
     0    0    0    0    0    0    0    0    0    0    0]
 [  33   20   11   70 3019    6    0    0    2   26    0   14    2    1
     0    1    0    0    0    1    0    0    0    0    0]
 [   1   24    4    2   19  122    0    0    0    1    0    1    1    0
     0    0    0    0    0    0    2    0    0    0    0]
 [   0    4    0    0    3    0  120    0    0    0    0    0    0    0
     0    0    0    0    0    0    0    0    0    0    0]
 [   0    1    0    1   32    0    0   24    0    1    0    0    0    0
     0    0    0    0    0    0    0    0    0    0    0]
 [   1    0    5    1   10    0    0    0    7    0    0    0    0    0
     0    0    0    0    0    0    0    0    0    0    0]
 [   2    4    2   31   89    1    0    1    0 4241    0    0    1    0
     0    0    0    0    0    0    0    0    0    0    2]
 [   0    1    0    1    6    0    0    0    0    0   11    0    0    0
     0    0    0    0    0    0    0    0    0    0    0]
 [   1    1    3    4   23    0    0    0    0    0    0  266    0    0
     0    0    0    0    0    1    0    0    0    0    0]
 [   1    2    2    0    8    1    0    0    0    0    0    0   81    0
     0    0    0    0    0    0    0    0    0    0    0]
 [   1    5    1   13   12    0    0    0    0    0    0    1    0   27
     1    0    0    0    0    0    0    0    0    0    0]
 [   0    3    0    0    2    0    0    0    0    0    0    0    0    1
     5    0    0    0    0    0    0    0    0    0    0]
 [   0    0    6    3   10    0    0    0    0    2    0    0    0    0
     0   62    0    0    0    0    0    0    0    0    0]
 [   3    1    0    0    2    0    0    0    0    0    0    0    0    0
     0    0    7    0    0    0    0    0    0    0    0]
 [   0    0    0    0    0    0    0    1    0    0    0    0    0    0
     0    0    0    0    0    0    0    0    0    0    0]
 [   0    1    0    0    0    0    0    0    0    0    0    0    0    0
     0    0    0    0    0    0    0    0    0    0    0]
 [   0    0    0    0    2    0    0    0    0    0    0    0    0    1
     4    0    0    0    0    0    0    0    0    0    0]
 [   0    0    0    0    0    0    0    0    0    0    0    0    0    0
     0    0    0    0    0    0    2    0    0    0    0]
 [   0    0    0    0    0    0    0    0    0    0    0    0    0    0
     0    1    0    0    0    0    0    0    0    0    0]
 [   0    0    0    0    0    0    0    0    0    0    0    0    0    0
     0    0    1    0    0    0    0    0    0    0    0]
 [   0    0    0    0    1    0    0    0    0    0    0    0    0    0
     0    0    0    0    0    0    0    0    0    0    0]
 [   0    1    0    0    0    0    0    0    0    1    0    0    0    0
     0    0    0    0    0    0    0    0    0    0    3]]