             precision    recall  f1-score   support

        hoả       0.42      0.26      0.32       133
        hoà       0.49      0.40      0.44       250
        hoá       0.31      0.25      0.28       222
        hóa       0.70      0.75      0.72       595
        Hóa       0.93      0.94      0.93       232
        Hòa       0.93      0.91      0.92       317
        họa       0.68      0.69      0.69       281
        hoa       0.76      0.88      0.82       969
        hòa       0.68      0.73      0.70       617
        Hoa       0.93      0.92      0.92       986
        hỏa       0.56      0.56      0.56       307
        Họa       0.00      0.00      0.00         4
        hoạ       0.26      0.11      0.16        81
        Hỏa       0.62      0.62      0.62       179
        Hoả       0.60      0.58      0.59       171
        Hoá       0.60      0.13      0.21        23
        Hoạ       0.00      0.00      0.00         1
        Hoà       0.36      0.19      0.24        27
        HỌA       0.00      0.00      0.00         0
        HOA       0.00      0.00      0.00         1
        HOÁ       0.00      0.00      0.00         1

avg / total       0.72      0.73      0.72      5398
