[[ 35   1   1   2   0   0   1  13   8   5  51   0   0   3  13   0   0   0
    0   0   0   0]
 [  1 100   1   6   0   0   2  11 124   1   4   0   0   0   0   0   0   0
    0   0   0   0]
 [  1   2  56 126   3   1   6  19   1   3   2   0   0   0   2   0   0   0
    0   0   0   0]
 [  0   3  96 447   1   0   4  27   4   3   5   0   3   1   0   0   0   0
    1   0   0   0]
 [  0   0   0   2 217   0   1   3   1   5   1   0   0   0   0   2   0   0
    0   0   0   0]
 [  0   3   2   1   0 289   0   6   7   0   2   0   0   1   0   0   0   6
    0   0   0   0]
 [  1   3   2   9   0   1 193  28  15   2   5   0  21   0   1   0   0   0
    0   0   0   0]
 [  6   9  10  18   0   3  13 853  16  25  15   0   0   1   0   0   0   0
    0   0   0   0]
 [  2  72   4  18   0   5   3  45 449   4  13   0   1   0   0   0   0   0
    1   0   0   0]
 [  2   2   2   3   1   1   6  49  10 903   2   0   0   3   1   0   0   1
    0   0   0   0]
 [ 27   3   1   7   1   1   3  34  14   7 173   0   0  13  23   0   0   0
    0   0   0   0]
 [  0   0   0   0   0   0   2   2   0   0   0   0   0   0   0   0   0   0
    0   0   0   0]
 [  0   1   3   1   1   1  46  13   0   2   3   1   9   0   0   0   0   0
    0   0   0   0]
 [  2   1   1   1   0   1   0   7   4   1  23   0   0 111  26   0   0   1
    0   0   0   0]
 [  5   0   0   0   0   0   1   3   1   4  12   0   0  46  99   0   0   0
    0   0   0   0]
 [  0   0   4   0  10   1   0   0   0   4   0   0   0   0   0   3   0   1
    0   0   0   0]
 [  0   0   0   0   0   0   0   0   0   0   0   1   0   0   0   0   0   0
    0   0   0   0]
 [  0   5   0   0   0   7   1   2   6   0   0   0   0   0   1   0   0   5
    0   0   0   0]
 [  0   0   0   0   0   0   0   0   0   0   0   0   0   0   0   0   0   0
    0   0   0   0]
 [  0   0   0   1   0   0   0   0   0   0   0   0   0   0   0   0   0   0
    0   0   0   0]
 [  0   0   0   0   0   0   0   1   0   0   0   0   0   0   0   0   0   0
    0   0   0   0]
 [  1   0   0   0   0   0   0   0   0   0   0   0   0   0   0   0   0   0
    0   0   0   0]]