             precision    recall  f1-score   support

       hoàn       0.95      0.97      0.96      1264
       Hoàn       0.95      0.95      0.95       643
       hoán       0.91      0.88      0.90        92
       hoan       0.94      0.96      0.95       376
       hoạn       0.97      0.86      0.91       121
       hoãn       0.84      0.77      0.80        47
       HOáN       0.00      0.00      0.00         1
       Hoan       0.87      0.84      0.85        79
       Hoán       0.85      0.88      0.87        33
       hòan       0.00      0.00      0.00         0
       Hóan       0.00      0.00      0.00         6
       hóan       0.00      0.00      0.00         0
       Hoản       0.00      0.00      0.00         1

avg / total       0.94      0.94      0.94      2666
