[[1226   22    3    6    1    1    0    1    2    0    2    0    0    0
     0    0]
 [  24  612    1    2    0    0    0    1    0    3    0    0    0    0
     0    0]
 [   7    0   81    1    1    0    0    0    2    0    0    0    0    0
     0    0]
 [   5    2    1  360    0    0    0    8    0    0    0    0    0    0
     0    0]
 [   7    2    0    1  104    6    0    0    0    0    0    0    0    0
     1    0]
 [   6    1    0    1    1   36    0    0    0    0    0    2    0    0
     0    0]
 [   0    0    1    0    0    0    0    0    0    0    0    0    0    0
     0    0]
 [   2    3    0    8    0    0    0   66    0    0    0    0    0    0
     0    0]
 [   3    0    0    1    0    0    0    0   29    0    0    0    0    0
     0    0]
 [   0    0    0    0    0    0    0    0    0    0    0    0    0    0
     0    0]
 [   4    1    0    1    0    0    0    0    0    0    0    0    0    0
     0    0]
 [   0    0    0    0    0    0    0    0    0    0    0    0    0    0
     0    0]
 [   0    0    0    0    0    0    0    0    1    0    0    0    0    0
     0    0]
 [   0    0    2    0    0    0    0    0    0    0    0    0    0    0
     0    0]
 [   0    0    0    0    0    0    0    0    0    0    0    0    0    0
     0    0]
 [   0    1    0    0    0    0    0    0    0    0    0    0    0    0
     0    0]]