[[  58    2    1    2    0    0    0    0    0    0    0    0    0    0
     0]
 [   5 1812   14  224    4    2    2    0    0    1    0    0    0    0
     0]
 [   0   23  437   16    7    6    0    0    0    0    0    0    0    0
     0]
 [   0  278   11  571   15    1    0    0    0    0    0    0    0    0
     0]
 [   0    7    7   24  344    1    0    0    0    0    0    0    0    0
     0]
 [   1    5    3    2    0   45    0    0    0    0    0    0    0    0
     0]
 [   0    2    1    0    0    1  229    0    0    0    0    0    0    0
     0]
 [   0    0    0    0    0    0    1    0    0    0    0    0    0    0
     0]
 [   0    0    1    0    0    0    0    0    0    0    0    0    0    0
     0]
 [   0    1    0    0    0    0    0    0    0    0    0    0    0    0
     0]
 [   0    2    0    0    0    0    1    0    0    0    1    0    0    0
     0]
 [   0    0    0    0    0    0    1    0    0    0    0    0    0    0
     0]
 [   0    0    1    0    0    0    0    0    0    0    0    0    0    0
     0]
 [   0    1    0    0    0    0    0    0    0    0    0    0    0    0
     0]
 [   0    1    0    0    0    0    0    0    0    0    0    0    0    0
     0]]