             precision    recall  f1-score   support

      Hoảng       0.91      0.92      0.91        63
      Hoàng       0.85      0.88      0.86      2064
      hoang       0.92      0.89      0.91       489
      hoàng       0.68      0.65      0.67       876
      hoảng       0.93      0.90      0.91       383
      Hoang       0.80      0.80      0.80        56
      Hoằng       0.98      0.98      0.98       233
      hoằng       0.00      0.00      0.00         1
      hoắng       0.00      0.00      0.00         1
      HOÀNG       0.00      0.00      0.00         1
      Hòang       1.00      0.25      0.40         4
      Hoẳng       0.00      0.00      0.00         1
      HOANG       0.00      0.00      0.00         1
      hoăng       0.00      0.00      0.00         1
      HOàNG       0.00      0.00      0.00         1

avg / total       0.84      0.84      0.84      4175
