             precision    recall  f1-score   support

        hơi       0.87      0.85      0.86      1413
        hồi       0.87      0.85      0.86      1296
        hội       0.87      0.86      0.86      1064
        hỏi       0.87      0.92      0.90      2763
        Hơi       0.00      0.00      0.00         4
        hối       0.86      0.85      0.85       285
        hởi       1.00      0.64      0.78        14
        hòi       0.82      0.90      0.86        10
        hôi       0.95      0.81      0.87       199
        Hội       0.88      0.93      0.91       245
        Hỡi       0.89      0.94      0.92        35
        Hồi       0.92      0.78      0.84       118
        hời       0.85      0.81      0.83        27
        Hôi       0.96      0.98      0.97       511
        hói       0.67      0.40      0.50        10
        hồI       0.00      0.00      0.00         7
        hỏI       0.00      0.00      0.00        11
        Hối       0.84      0.70      0.76        30
        hổI       0.00      0.00      0.00         1
        hoi       0.77      0.91      0.83        11
        hỡi       0.78      0.47      0.58        15
        hổi       0.90      0.69      0.78        13
        hộI       0.00      0.00      0.00         5
        Hỏi       0.00      0.00      0.00         2
        Hợi       0.00      0.00      0.00         0
        hốI       0.00      0.00      0.00         2
        hơị       0.00      0.00      0.00         1
        hổị       0.00      0.00      0.00         1
        họi       0.00      0.00      0.00         1
        hợi       0.00      0.00      0.00         1

avg / total       0.87      0.88      0.88      8096
