[[1195   54   34  118    0    4    0    1    3    2    0    0    0    2
     0    0    0    0    0    0    0    0    0    0    0    0    0    0
     0    0    0]
 [  49 1106   31   97    0    2    0    0    2    1    0    2    0    0
     0    2    0    1    0    2    1    0    0    0    0    0    0    0
     0    0    0]
 [  25   32  910   66    0    4    0    0    0   22    0    4    0    0
     0    0    0    0    0    0    1    0    0    0    0    0    0    0
     0    0    0]
 [  83   54   40 2545    0   28    0    0    0    1    0    0    1    2
     2    0    2    2    0    1    0    0    0    0    2    0    0    0
     0    0    0]
 [   3    0    0    1    0    0    0    0    0    0    0    0    0    0
     0    0    0    0    0    0    0    0    0    0    0    0    0    0
     0    0    0]
 [   3    8   10   20    0  243    0    0    0    0    0    0    0    1
     0    0    0    0    0    0    0    0    0    0    0    0    0    0
     0    0    0]
 [   4    0    0    0    0    1    9    0    0    0    0    0    0    0
     0    0    0    0    0    0    0    0    0    0    0    0    0    0
     0    0    0]
 [   0    0    0    1    0    0    0    9    0    0    0    0    0    0
     0    0    0    0    0    0    0    0    0    0    0    0    0    0
     0    0    0]
 [   3    2    2   10    0    0    0    0  161    2    0    1    1   17
     0    0    0    0    0    0    0    0    0    0    0    0    0    0
     0    0    0]
 [   2    4    7    3    0    0    0    0    0  228    0    0    0    1
     0    0    0    0    0    0    0    0    0    0    0    0    0    0
     0    0    0]
 [   0    0    0    2    0    0    0    0    0    0   33    0    0    0
     0    0    0    0    0    0    0    0    0    0    0    0    0    0
     0    0    0]
 [   2    5    3   11    0    0    0    0    0    1    2   92    2    0
     0    0    0    0    0    0    0    0    0    0    0    0    0    0
     0    0    0]
 [   2    0    1    2    0    0    0    0    0    0    0    0   22    0
     0    0    0    0    0    0    0    0    0    0    0    0    0    0
     0    0    0]
 [   1    1    0    4    0    0    0    0    3    1    0    0    0  501
     0    0    0    0    0    0    0    0    0    0    0    0    0    0
     0    0    0]
 [   1    1    0    3    0    0    0    1    0    0    0    0    0    0
     4    0    0    0    0    0    0    0    0    0    0    0    0    0
     0    0    0]
 [   0    5    1    1    0    0    0    0    0    0    0    0    0    0
     0    0    0    0    0    0    0    0    0    0    0    0    0    0
     0    0    0]
 [   0    1    1    9    0    0    0    0    0    0    0    0    0    0
     0    0    0    0    0    0    0    0    0    0    0    0    0    0
     0    0    0]
 [   2    0    1    5    0    1    0    0    0    0    0    0    0    0
     0    0    0   21    0    0    0    0    0    0    0    0    0    0
     0    0    0]
 [   0    1    0    0    0    0    0    0    0    0    0    0    0    0
     0    0    0    0    0    0    0    0    0    0    0    0    0    0
     0    0    0]
 [   1    0    0    0    0    0    0    0    0    0    0    0    0    0
     0    0    0    0    0   10    0    0    0    0    0    0    0    0
     0    0    0]
 [   2    0    0    5    0    0    0    0    0    0    1    0    0    0
     0    0    0    0    0    0    7    0    0    0    0    0    0    0
     0    0    0]
 [   0    2    0    2    0    0    0    0    0    0    0    0    0    0
     0    0    0    0    0    0    0    9    0    0    0    0    0    0
     0    0    0]
 [   1    0    1    2    0    0    0    0    0    0    0    0    0    0
     0    0    0    1    0    0    0    0    0    0    0    0    0    0
     0    0    0]
 [   0    0    0    0    0    0    0    0    0    0    1    1    0    0
     0    0    0    0    0    0    0    0    0    0    0    0    0    0
     0    0    0]
 [   0    0    0    0    0    0    0    0    0    0    0    0    0    0
     0    0    0    0    0    0    0    0    0    0    0    0    0    0
     0    0    0]
 [   0    0    0    2    0    0    0    0    0    0    0    0    0    0
     0    0    0    0    0    0    0    0    0    0    0    0    0    0
     0    0    0]
 [   0    0    0    0    0    1    0    0    0    0    0    0    0    0
     0    0    0    0    0    0    0    0    0    0    0    0    0    0
     0    0    0]
 [   1    0    0    0    0    0    0    0    0    0    0    0    0    0
     0    0    0    0    0    0    0    0    0    0    0    0    0    0
     0    0    0]
 [   0    0    0    0    0    0    0    0    0    0    0    0    0    0
     0    0    0    0    0    0    0    1    0    0    0    0    0    0
     0    0    0]
 [   0    0    0    1    0    0    0    0    0    0    0    0    0    0
     0    0    0    0    0    0    0    0    0    0    0    0    0    0
     0    0    0]
 [   0    0    1    0    0    0    0    0    0    0    0    0    0    0
     0    0    0    0    0    0    0    0    0    0    0    0    0    0
     0    0    0]]