             precision    recall  f1-score   support

        hôm       0.95      1.00      0.97      1220
        Hôm       1.00      0.46      0.63        79
        hòm       1.00      0.36      0.53        11
        hỗm       0.33      0.50      0.40         4
        hõm       0.00      0.00      0.00         4
        hỡm       0.00      0.00      0.00         1
        hổm       0.00      0.00      0.00         4
        hỏm       0.00      0.00      0.00         1
        hợm       1.00      0.29      0.44         7
        hóm       0.00      0.00      0.00         3
        hồm       0.00      0.00      0.00         1

avg / total       0.94      0.95      0.93      1335
