[[3188    3   10   27    0    1    6    1    2    4    0    0    0    0
     0    0    0    0    0    0]
 [  11  153    2    0    0    0    0    0    2    0    0    0    0    0
     0    0    0    0    0    0]
 [  57    1  343   17    0    4    1    1    1    2    0    0    0    0
     0    0    0    0    0    0]
 [  51    0    6  425    0    0    0    0    0    4    0    0    0    0
     0    0    0    0    0    0]
 [  31    0    0    0   20    0    0    0    0    0    0    0    0    0
     0    0    0    0    0    0]
 [   4    1   13    0    1   94    0    0    0    0    0    0    0    0
     0    0    0    0    0    0]
 [   1    0    0    0    0    0  137    0    1    0    0    0    0    0
     0    0    0    0    0    0]
 [  13    0    2    0    0    0    0   15    0    1    0    0    0    0
     0    0    0    0    0    0]
 [   2    2    1    1    0    0    0    0   64    0    0    0    0    0
     0    0    0    0    0    0]
 [  11    0    0    0    0    0    0    0    0   49    0    0    0    0
     0    0    0    0    0    0]
 [   1    0    0    0    0    0    0    0    0    0    0    0    0    0
     0    0    0    0    0    0]
 [   3    0    0    0    0    0    0    0    0    0    0    0    0    0
     0    0    0    0    0    0]
 [   0    0    0    0    0    0    0    0    0    1    0    0    0    0
     0    0    0    0    0    0]
 [   2    0    0    0    0    0    0    0    0    0    0    0    0    1
     0    0    0    0    0    0]
 [   1    0    0    0    0    0    0    0    0    0    0    0    0    0
     0    0    0    0    0    0]
 [   1    0    0    0    0    0    0    0    0    0    0    0    0    0
     0    0    0    0    0    0]
 [   2    0    0    0    0    0    0    0    0    0    0    0    0    0
     0    0    0    0    0    0]
 [   1    0    0    0    0    0    0    0    0    0    0    0    0    0
     0    0    0    0    0    0]
 [   1    0    0    0    0    0    0    0    0    0    0    0    0    0
     0    0    0    0    0    0]
 [   1    0    0    0    0    0    0    0    0    0    0    0    0    0
     0    0    0    0    0    0]]