             precision    recall  f1-score   support

        hơn       0.94      0.98      0.96      3242
        hỗn       0.96      0.91      0.93       168
        hồn       0.91      0.80      0.85       427
        hôn       0.90      0.87      0.89       486
        Hơn       0.95      0.39      0.56        51
        Hồn       0.95      0.83      0.89       113
        hớn       0.95      0.99      0.97       139
        hờn       0.88      0.48      0.62        31
        hổn       0.91      0.91      0.91        70
        hòn       0.80      0.82      0.81        60
        Hôn       0.00      0.00      0.00         1
        họn       0.00      0.00      0.00         3
        Hòn       0.00      0.00      0.00         1
        Hỗn       1.00      0.33      0.50         3
        Hon       0.00      0.00      0.00         1
        HồN       0.00      0.00      0.00         1
        HỒN       0.00      0.00      0.00         2
        HỗN       0.00      0.00      0.00         1
        hỏn       0.00      0.00      0.00         1
        Hờn       0.00      0.00      0.00         1

avg / total       0.93      0.93      0.93      4802
