             precision    recall  f1-score   support

       hồng       0.85      0.92      0.88       441
       hỏng       0.88      0.89      0.89       170
       hòng       0.95      0.77      0.85       152
       họng       0.95      0.91      0.93       114
       Hồng       0.94      0.95      0.95       722
       hông       0.84      0.79      0.82        48
       hổng       0.82      0.82      0.82        28
       Hõng       0.33      0.67      0.44         3
       Hỏng       0.96      0.85      0.90        54
       hống       0.70      0.78      0.74         9
       hóng       0.00      0.00      0.00         1
       hõng       0.00      0.00      0.00         4
       Hống       0.00      0.00      0.00         4
       hong       0.00      0.00      0.00         2
       Hông       0.00      0.00      0.00         2

avg / total       0.90      0.90      0.90      1754
