[[404   2   4   2  23   1   4   0   0   1   0   0   0   0   0]
 [ 11 152   2   0   4   0   0   0   1   0   0   0   0   0   0]
 [ 17   7 117   1   8   2   0   0   0   0   0   0   0   0   0]
 [  5   1   0 104   1   2   1   0   0   0   0   0   0   0   0]
 [ 26   4   0   2 689   1   0   0   0   0   0   0   0   0   0]
 [  6   0   0   0   4  38   0   0   0   0   0   0   0   0   0]
 [  3   1   0   0   1   0  23   0   0   0   0   0   0   0   0]
 [  0   0   0   0   0   0   0   2   1   0   0   0   0   0   0]
 [  1   2   0   0   1   0   0   4  46   0   0   0   0   0   0]
 [  1   0   0   0   0   1   0   0   0   7   0   0   0   0   0]
 [  1   0   0   0   0   0   0   0   0   0   0   0   0   0   0]
 [  0   4   0   0   0   0   0   0   0   0   0   0   0   0   0]
 [  1   0   0   0   1   0   0   0   0   2   0   0   0   0   0]
 [  1   0   0   1   0   0   0   0   0   0   0   0   0   0   0]
 [  0   0   0   0   2   0   0   0   0   0   0   0   0   0   0]]