             precision    recall  f1-score   support

        hợp       0.92      0.97      0.95      1108
        hộp       0.90      0.85      0.87       150
        hớp       1.00      0.28      0.43        18
        họp       0.67      0.52      0.58        73
        Hợp       0.90      0.88      0.89       140
        hơp       0.00      0.00      0.00        17
        Họp       0.00      0.00      0.00         1
        hóp       0.00      0.00      0.00         2

avg / total       0.89      0.91      0.90      1509
