             precision    recall  f1-score   support

         hừ       0.88      0.91      0.90       304
         Hư       0.98      0.98      0.98       431
         hư       0.86      0.97      0.92       289
         hú       0.84      0.72      0.77       107
         hứ       0.11      0.06      0.07        18
         hự       0.39      0.68      0.49        25
         Hữ       1.00      0.50      0.67         2
         hủ       0.84      0.62      0.71        34
         hù       1.00      0.67      0.80        21
         hu       0.00      0.00      0.00         7
         Hừ       0.50      0.30      0.37        10
         hũ       0.92      0.55      0.69        22
         Hử       1.00      1.00      1.00         1
         hữ       0.00      0.00      0.00         2
         Hú       1.00      1.00      1.00         1
         Hứ       0.00      0.00      0.00         1
         Hu       0.00      0.00      0.00         1

avg / total       0.88      0.88      0.88      1276
