[[277   2   4   7   3   9   0   0   0   1   1   0   0   0   0   0   0]
 [  1 423   5   1   0   0   0   0   0   0   1   0   0   0   0   0   0]
 [  3   1 281   2   1   0   0   1   0   0   0   0   0   0   0   0   0]
 [  6   0   8  77   2  14   0   0   0   0   0   0   0   0   0   0   0]
 [ 11   0   0   2   1   4   0   0   0   0   0   0   0   0   0   0   0]
 [  5   1   0   1   1  17   0   0   0   0   0   0   0   0   0   0   0]
 [  0   0   1   0   0   0   1   0   0   0   0   0   0   0   0   0   0]
 [  1   1   9   1   0   0   0  21   0   0   0   1   0   0   0   0   0]
 [  2   0   4   0   0   0   0   1  14   0   0   0   0   0   0   0   0]
 [  4   0   3   0   0   0   0   0   0   0   0   0   0   0   0   0   0]
 [  1   3   2   0   0   0   0   1   0   0   3   0   0   0   0   0   0]
 [  1   0   7   1   0   0   0   1   0   0   0  12   0   0   0   0   0]
 [  0   0   0   0   0   0   0   0   0   0   0   0   1   0   0   0   0]
 [  0   0   1   0   1   0   0   0   0   0   0   0   0   0   0   0   0]
 [  0   0   0   0   0   0   0   0   0   0   0   0   0   0   1   0   0]
 [  1   0   0   0   0   0   0   0   0   0   0   0   0   0   0   0   0]
 [  0   0   0   0   0   0   0   0   0   0   1   0   0   0   0   0   0]]