[[339   9   2   0   0  15   0   5   0   0   0   0]
 [  5 909   4   4   5  28   8   8   0   0   0   0]
 [  0   6 188   1   0   7   0   4   0   0   0   0]
 [  2   9   1 243   0   9   1   4   0   0   0   0]
 [  3   1   0   0  30   3   0   0   0   2   0   0]
 [ 14  20   0   2   0 617   0   8   5   0   0   0]
 [  0   2   0   0   0   0  54   0   0   3   0   0]
 [  3  20   1   5   0   8   0 329   0   0   0   0]
 [  1   0   0   0   0  10   0   1  46   0   0   0]
 [  0   0   1   0   0   1   0   0   0  27   0   0]
 [  0   0   0   0   0   1   0   0   0   0   0   0]
 [  0   1   0   0   0   3   0   0   0   0   0   0]]