             precision    recall  f1-score   support

       hứng       0.92      0.92      0.92       370
       hùng       0.93      0.94      0.93       971
       hưng       0.95      0.91      0.93       206
       Hưng       0.95      0.90      0.93       269
       hừng       0.86      0.77      0.81        39
       hung       0.88      0.93      0.90       666
       hững       0.86      0.92      0.89        59
       Hùng       0.92      0.90      0.91       366
       Hung       0.90      0.79      0.84        58
       hửng       0.84      0.93      0.89        29
       hủng       0.00      0.00      0.00         1
       húng       0.00      0.00      0.00         4

avg / total       0.91      0.92      0.91      3038
