[[1025    0   30   11    7    0    2    0    0    0    0    0    0    0
     0    0]
 [   4  282    3    0    0    0    0    0    0    0    0    0    0    0
     0    0]
 [  24    4  516   15   55    0    6    0    0    0    0    0    0    0
     0    0]
 [  11    2   11  356    4    0    1    0    0    0    0    0    0    0
     0    0]
 [  14    0   81    2  462    1    2    0    0    0    0    0    4    0
     0    0]
 [   1   23    0    0    0   15    0    0    0    0    0    0    0    0
     0    0]
 [   8    0    5    1    3    0  239    0    0    0    0    0    0    0
     0    0]
 [   0    0    0    1    0    0    0    0    0    0    0    0    0    0
     0    0]
 [   5    1    0    0    0    0    0    0    0    0    0    0    0    0
     0    0]
 [   1    0    0    0    0    0    0    0    0    0    0    0    0    0
     0    0]
 [   1    0    0    0    0    0    0    0    0    0    0    0    0    0
     0    0]
 [   1    0    0    0    0    0    0    0    0    0    0    0    0    0
     0    0]
 [   0    0    1    0   14    0    0    0    0    0    0    0    0    0
     0    0]
 [   0    0    1    0    0    0    0    0    0    0    0    0    0    0
     0    0]
 [   0    0    1    0    0    0    0    0    0    0    0    0    0    0
     0    0]
 [   0    0    1    0    0    0    0    0    0    0    0    0    0    0
     0    0]]