             precision    recall  f1-score   support

      hướng       0.94      0.95      0.94      1075
      huống       0.90      0.98      0.94       289
      hương       0.79      0.83      0.81       620
      hưởng       0.92      0.92      0.92       385
      Hương       0.85      0.82      0.83       566
      Huống       0.94      0.38      0.55        39
      Hướng       0.96      0.93      0.94       256
      hưỡng       0.00      0.00      0.00         1
      huớng       0.00      0.00      0.00         6
      hưóng       0.00      0.00      0.00         1
      hưong       0.00      0.00      0.00         1
      Hưởng       0.00      0.00      0.00         1
      Huơng       0.00      0.00      0.00        15
      hượng       0.00      0.00      0.00         1
      hường       0.00      0.00      0.00         1
      huông       0.00      0.00      0.00         1

avg / total       0.88      0.89      0.88      3258
