[[1146    3    0   16    0    4    0    0    0    2    0]
 [   0  402    0    0    0    0    0    0    0    0    0]
 [   1    1  100    0    0    0    0    0    0    0    0]
 [  57    0    0  141    0    7    0    0    0    0    0]
 [   0    0    0    0   11    0    0    0    0    0    0]
 [  20    0    3    6    0   52    0    1    0    0    0]
 [   1    0    0    8    0    0    1    0    0    0    0]
 [   4    1    0    0    0    3    0    0    0    0    0]
 [   0    0    0    1    0    0    0    0    0    0    0]
 [   0    0    0    0    0    0    0    0    0    0    0]
 [   1    0    0    0    0    0    0    0    0    0    0]]