             precision    recall  f1-score   support

         hy       0.95      0.99      0.97       292
         Hy       0.98      1.00      0.99       626
         hỷ       0.89      0.82      0.86        51
         hý       0.91      0.59      0.71        17
         Hỷ       0.75      0.27      0.40        11
         hỹ       0.00      0.00      0.00         2
         HY       0.00      0.00      0.00         1
         Hỹ       0.00      0.00      0.00         1
         Hý       0.00      0.00      0.00         1

avg / total       0.96      0.97      0.96      1002
