             precision    recall  f1-score   support

         kẻ       0.90      0.96      0.93      2623
         kể       0.88      0.89      0.89       765
         kế       0.89      0.86      0.87       945
         Kế       0.87      0.72      0.79        82
         kệ       0.94      0.86      0.90        71
         kề       0.89      0.77      0.82       132
         kê       0.85      0.42      0.56        52
         kẽ       0.89      0.62      0.73        92
         Kể       1.00      0.27      0.43        22
         Kẻ       0.62      0.36      0.46        50
         Kê       1.00      0.58      0.74        12
         kễ       0.33      0.17      0.22        12
         kè       1.00      0.33      0.50         9
         ké       0.00      0.00      0.00         3

avg / total       0.89      0.89      0.89      4870
