[[2526   31   54    1    1    2    0    5    0    3    0    0    0    0]
 [  56  682   14    2    2    1    1    1    0    2    0    4    0    0]
 [ 111   16  809    4    0    5    0    0    0    0    0    0    0    0]
 [   5    3   12   59    0    0    0    0    0    3    0    0    0    0]
 [   7    1    1    0   61    0    0    1    0    0    0    0    0    0]
 [  11    7   11    0    0  101    2    0    0    0    0    0    0    0]
 [  20    5    1    0    0    4   22    0    0    0    0    0    0    0]
 [  26    3    5    0    0    1    0   57    0    0    0    0    0    0]
 [   1   12    0    0    0    0    0    0    6    3    0    0    0    0]
 [  28    1    1    2    0    0    0    0    0   18    0    0    0    0]
 [   2    1    1    0    1    0    0    0    0    0    7    0    0    0]
 [   0   10    0    0    0    0    0    0    0    0    0    2    0    0]
 [   5    1    0    0    0    0    0    0    0    0    0    0    3    0]
 [   0    1    1    0    0    0    1    0    0    0    0    0    0    0]]