[[259  16   0   0   4   1   0   0   2   0   0   0]
 [ 14 386   0   1   9   0   0   0   2   0   0   0]
 [  3   0   0   1   0   0   0   0   0   0   0   0]
 [  2   2   0 360   1   0   0   0   0   0   0   0]
 [  6  10   0   0 237   0   0   0   0   0   0   0]
 [  2   0   0   0   0  46   1   0   2   0   0   0]
 [  0   0   0   0   0   0   0   0   0   0   0   0]
 [  1   0   0   0   0   0   0   0   0   0   0   0]
 [  2   0   0   1   0   1   0   0   0   0   0   0]
 [  1   0   0   0   1   0   0   0   0   0   0   0]
 [  0   1   0   0   0   0   0   0   0   0   0   0]
 [  0   1   0   0   0   0   0   0   0   0   0   0]]