             precision    recall  f1-score   support

        khá       0.89      0.92      0.91       282
        khả       0.93      0.94      0.93       412
        Khá       0.00      0.00      0.00         4
        Kha       0.99      0.99      0.99       365
        Khả       0.94      0.94      0.94       253
        khà       0.96      0.90      0.93        51
        khâ       0.00      0.00      0.00         0
        kha       0.00      0.00      0.00         1
        khã       0.00      0.00      0.00         4
        KHẢ       0.00      0.00      0.00         2
        khẳ       0.00      0.00      0.00         1

avg / total       0.93      0.94      0.93      1376
