[[ 17   7   5   0   0   0   0   0   0   0   0   0]
 [  0 166  13   0   0   0   0   0   0   0   0   0]
 [  0   9  51   0   0   0   0   0   0   0   0   0]
 [  2   6   3  55   0   0   0   0   0   0   0   0]
 [  1   0   0   0   1   0   0   0   0   0   0   0]
 [  0   1   0   0   0   0   0   0   0   0   0   0]
 [  0   0   1   0   0   0   0   0   0   0   0   0]
 [  0   1   0   0   0   0   0   0   0   0   0   0]
 [  0   0   0   0   0   0   0   0   0   0   0   0]
 [  0   0   1   0   0   0   0   0   0   2   0   0]
 [  1   3   0   1   0   0   0   0   0   0   0   0]
 [  0   0   0   0   0   0   0   0   1   0   0   0]]