             precision    recall  f1-score   support

       khảm       0.81      0.59      0.68        29
       khâm       0.86      0.93      0.89       179
       Khâm       0.69      0.85      0.76        60
       khám       0.98      0.83      0.90        66
       Khảm       1.00      0.50      0.67         2
       khấm       0.00      0.00      0.00         1
       KHÂM       0.00      0.00      0.00         1
       khẩm       0.00      0.00      0.00         1
       Kham       0.00      0.00      0.00         0
       kham       1.00      0.67      0.80         3
       Khăm       0.00      0.00      0.00         5

avg / total       0.83      0.84      0.83       348
