[[ 59   6   0   0   0   0   6   0   0   0   0   0   0   0   0   0]
 [  3 312   1   0   0   0   2   2   0   0   0   0   0   0   0   0]
 [  2   2 228   0   0   0   0   0   0   0   0   0   0   0   0   0]
 [  1   0   1   0   0   0   0   1   0   0   0   0   0   0   0   0]
 [  1   0   7   0   2   0   0   0   0   0   0   0   0   0   0   0]
 [  0   3   5   0   0  11   0   0   0   0   0   0   0   0   0   0]
 [  9   1   5   0   1   0  73   0   0   0   0   0   0   0   0   0]
 [  0   1   8   0   0   0   0  13   0   0   0   0   0   0   0   0]
 [  0   0   0   0   0   0   0   0   2   0   0   0   0   0   0   0]
 [  0   0   2   0   0   0   0   0   0   0   0   0   0   0   0   0]
 [  1   0   0   0   0   0   0   0   0   0   0   0   0   0   0   0]
 [  0   1   1   0   0   0   0   0   0   0   0   0   0   0   0   0]
 [  0   1   0   0   0   0   0   0   0   0   0   0   0   0   0   0]
 [  0   1   0   0   0   0   0   0   0   0   0   0   0   0   0   0]
 [  0   0   0   0   0   0   1   0   0   0   0   0   0   0   0   0]
 [  0   0   1   0   0   0   0   0   0   0   0   0   0   0   0   0]]