             precision    recall  f1-score   support

       khan       0.78      0.83      0.80        71
       khăn       0.95      0.97      0.96       320
       khẩn       0.88      0.98      0.93       232
       Khân       0.00      0.00      0.00         3
       khản       0.67      0.20      0.31        10
       khấn       1.00      0.58      0.73        19
       khàn       0.89      0.82      0.85        89
       khán       0.81      0.59      0.68        22
       Khăn       1.00      1.00      1.00         2
       khẫn       0.00      0.00      0.00         2
       khần       0.00      0.00      0.00         1
       khân       0.00      0.00      0.00         2
       Khẩn       0.00      0.00      0.00         1
       Khan       0.00      0.00      0.00         1
       khẳn       0.00      0.00      0.00         1
       Khán       0.00      0.00      0.00         1

avg / total       0.89      0.90      0.89       777
