             precision    recall  f1-score   support

       khẩu       0.89      0.95      0.92       291
       Khấu       0.99      1.00      0.99      3222
       khấu       0.83      0.83      0.83       103
       Khâu       0.79      0.55      0.65        20
       khâu       0.50      0.09      0.15        11
       Khẩu       0.89      0.40      0.55        20
       Kháu       0.00      0.00      0.00         1
       kháu       0.00      0.00      0.00         2

avg / total       0.98      0.98      0.98      3670
