             precision    recall  f1-score   support

        khẽ       0.93      0.96      0.94      1391
        khe       0.78      0.74      0.76       244
        khẻ       0.57      0.14      0.23        28
        Khê       0.92      0.73      0.81        15
        khê       0.67      0.50      0.57         8
        khè       1.00      0.43      0.60         7
        Khế       0.00      0.00      0.00         1
        khé       0.00      0.00      0.00         1
        khệ       0.00      0.00      0.00         2
        khế       0.00      0.00      0.00         1

avg / total       0.90      0.91      0.90      1698
