             precision    recall  f1-score   support

        khó       0.92      0.98      0.95      2283
        khổ       0.93      0.88      0.91       908
        khô       0.83      0.70      0.76       211
        khò       0.93      0.93      0.93        14
        khố       0.80      0.65      0.72        72
        kho       0.91      0.55      0.69        89
        Khổ       0.00      0.00      0.00         8
        Khố       0.76      0.82      0.79        55
        khờ       1.00      0.33      0.50        12
        Khó       0.20      0.20      0.20         5
        Khô       1.00      0.53      0.70        15
        Kho       0.00      0.00      0.00         1

avg / total       0.91      0.91      0.91      3673
