[[2239   23   15    1    2    3    0    0    0    0    0    0]
 [  98  798    7    0    2    1    0    1    0    1    0    0]
 [  49   14  148    0    0    0    0    0    0    0    0    0]
 [   0    1    0   13    0    0    0    0    0    0    0    0]
 [   7    5    2    0   47    0    0   11    0    0    0    0]
 [  32    5    3    0    0   49    0    0    0    0    0    0]
 [   0    4    0    0    0    0    0    2    0    2    0    0]
 [   1    0    0    0    8    1    0   45    0    0    0    0]
 [   6    2    0    0    0    0    0    0    4    0    0    0]
 [   4    0    0    0    0    0    0    0    0    1    0    0]
 [   2    2    2    0    0    0    0    0    0    1    8    0]
 [   0    0    1    0    0    0    0    0    0    0    0    0]]