[[ 233   37    4    0    1    1    0    2    0    0    0    0    0    0
     0    0    0    0    0]
 [  13 2781    0    0    5    0    0    6    1    3    0    0    0    0
     0    3    0    0    0]
 [   0   29   34    0    0    0    0    3    0    0    0    0    0    0
     0    0    0    0    0]
 [   1    0    0   16    0    3    0    0    1    0    0    0    0    0
     0    0    0    0    0]
 [   2   12    0    0  172    2    0    1    1    0    0    0    0    0
     0    0    0    0    0]
 [   7   13    0    1    1   77    0    5    2    0    3    0    0    0
     0    0    0    0    0]
 [   0    0    1    0    0    0    0    0    0    0    0    0    0    0
     0    0    0    0    0]
 [   4   28    0    0    0    1    0  132    0    0    0    0    0    0
     0    0    0    0    0]
 [   2   12    0    0    1    2    0    1   41    0    0    0    0    0
     0    0    0    0    0]
 [   1   13    0    0    0    0    0    0    0    0    0    0    0    0
     0    0    0    0    0]
 [   0    0    0    0    0    0    0    0    0    0    0    0    0    0
     0    0    0    0    0]
 [   1    1    0    0    0    1    0    0    0    0    0    0    0    0
     0    0    0    0    0]
 [   0    0    0    0    0    0    0    0    2    0    0    0    0    0
     0    0    0    0    0]
 [   0    0    0    0    0    0    0    1    0    0    0    0    0    0
     0    0    0    0    0]
 [   0    3    0    0    0    0    0    0    0    0    0    0    0    0
     0    0    0    0    0]
 [   0    0    0    0    0    0    0    0    0    0    0    0    0    0
     0    0    0    0    0]
 [   0    1    0    0    0    0    0    0    0    0    0    0    0    0
     0    0    0    0    0]
 [   0    1    0    0    0    0    0    0    0    0    0    0    0    0
     0    0    0    0    0]
 [   0    1    0    0    0    0    0    0    0    0    0    0    0    0
     0    0    0    0    0]]