             precision    recall  f1-score   support

       khởi       0.88      0.84      0.86       278
       khỏi       0.95      0.99      0.97      2812
       khơi       0.87      0.52      0.65        66
       Khởi       0.94      0.76      0.84        21
       khôi       0.96      0.91      0.93       190
       khối       0.89      0.71      0.79       109
       Khơi       0.00      0.00      0.00         1
       khói       0.87      0.80      0.84       165
       Khôi       0.85      0.69      0.77        59
       khỏI       0.00      0.00      0.00        14
       khởI       0.00      0.00      0.00         0
       Khôị       0.00      0.00      0.00         3
       Khói       0.00      0.00      0.00         2
       Khỏi       0.00      0.00      0.00         1
       khõi       0.00      0.00      0.00         3
       khơị       0.00      0.00      0.00         0
       KHỎI       0.00      0.00      0.00         1

avg / total       0.93      0.94      0.93      3727
