             precision    recall  f1-score   support

        khu       0.95      0.98      0.96       376
        khứ       0.88      0.85      0.87        54
        khử       0.93      0.98      0.95        64
        khư       1.00      0.75      0.86         8
        Khu       0.00      0.00      0.00         3
        khù       0.50      0.25      0.33         4
        khụ       1.00      0.25      0.40         4
        Khư       0.00      0.00      0.00         1
        khủ       0.00      0.00      0.00         1
        khừ       1.00      1.00      1.00         1

avg / total       0.93      0.94      0.93       516
