             precision    recall  f1-score   support

         kì       0.79      0.95      0.86       183
         kí       0.70      0.64      0.67        11
         kị       0.71      0.75      0.73        32
         kỉ       0.94      0.85      0.89        20
         Kì       0.77      0.53      0.63        32
         kĩ       1.00      0.25      0.40        32
         ki       0.00      0.00      0.00         2
         Kỉ       1.00      1.00      1.00        12
         Kí       0.95      0.95      0.95        19

avg / total       0.82      0.81      0.79       343
