             precision    recall  f1-score   support

       Kiếm       0.89      0.79      0.84       536
       kiếm       0.96      0.99      0.97      4896
       kiềm       0.96      0.87      0.91       173
       kiểm       0.94      0.71      0.81       107
       kiệm       1.00      0.87      0.93        15
       kiêm       1.00      0.25      0.40        56
       Kiềm       0.00      0.00      0.00         5
       KIẾM       0.00      0.00      0.00         1
       kiễm       0.00      0.00      0.00         1
       Kiêm       0.00      0.00      0.00         1
       Kiém       0.00      0.00      0.00         1
       kiém       0.00      0.00      0.00         0
       kièm       0.00      0.00      0.00         1

avg / total       0.95      0.95      0.95      5794
