[[ 425  111    0    0    0    0    0    0    0    0    0    0    0    0]
 [  48 4838    4    5    0    0    0    0    0    0    0    1    0    0]
 [   0   23  150    0    0    0    0    0    0    0    0    0    0    0]
 [   0   29    2   76    0    0    0    0    0    0    0    0    0    0]
 [   0    2    0    0   13    0    0    0    0    0    0    0    0    0]
 [   2   40    0    0    0   14    0    0    0    0    0    0    0    0]
 [   0    5    0    0    0    0    0    0    0    0    0    0    0    0]
 [   1    0    0    0    0    0    0    0    0    0    0    0    0    0]
 [   0    1    0    0    0    0    0    0    0    0    0    0    0    0]
 [   0    1    0    0    0    0    0    0    0    0    0    0    0    0]
 [   1    0    0    0    0    0    0    0    0    0    0    0    0    0]
 [   0    0    0    0    0    0    0    0    0    0    0    0    0    0]
 [   0    1    0    0    0    0    0    0    0    0    0    0    0    0]
 [   0    0    1    0    0    0    0    0    0    0    0    0    0    0]]