             precision    recall  f1-score   support

       kiên       0.93      0.92      0.93       248
       kiến       0.95      0.97      0.96       841
       Kiên       0.95      0.87      0.91        63
       kiện       0.88      0.91      0.90       115
       Kiến       0.97      0.96      0.96       292
       Kiển       0.00      0.00      0.00         1
       Kiện       1.00      0.94      0.97        47
       Kiền       0.00      0.00      0.00         4
       kiễn       0.00      0.00      0.00         1
       kiền       0.00      0.00      0.00         1
       kíến       0.00      0.00      0.00         1

avg / total       0.94      0.95      0.95      1614
