[[228  10   2   5   3   0   0   0   0   0   0]
 [ 13 818   1   4   4   0   0   0   0   1   0]
 [  2   4  55   0   2   0   0   0   0   0   0]
 [  0  10   0 105   0   0   0   0   0   0   0]
 [  0  12   0   0 280   0   0   0   0   0   0]
 [  0   1   0   0   0   0   0   0   0   0   0]
 [  0   2   0   0   1   0  44   0   0   0   0]
 [  0   0   0   4   0   0   0   0   0   0   0]
 [  1   0   0   0   0   0   0   0   0   0   0]
 [  0   0   0   1   0   0   0   0   0   0   0]
 [  0   1   0   0   0   0   0   0   0   0   0]]