             precision    recall  f1-score   support

       kiều       0.89      0.87      0.88       103
       kiểu       0.82      0.88      0.85       129
       Kiều       0.89      0.95      0.92       191
       kiêu       0.98      0.90      0.94       143
       kiệu       0.93      0.85      0.89       100
       Kiêu       0.98      1.00      0.99        63
       Kiểu       0.80      1.00      0.89         4
       Kiệu       0.00      0.00      0.00         1
       Kiếu       0.00      0.00      0.00         1

avg / total       0.91      0.91      0.91       735
