             precision    recall  f1-score   support

         kỳ       0.92      0.95      0.93      2336
         kỹ       0.85      0.84      0.85       576
         ký       0.80      0.62      0.70        99
         kỷ       0.95      0.77      0.85       205
         Kỳ       0.93      0.93      0.93      1081
         Kỵ       0.85      0.86      0.86        79
         ky       0.80      0.61      0.69       193
         Ký       0.14      0.04      0.06        24
         kỵ       0.68      0.79      0.73       278
         Kỷ       0.97      0.98      0.98       558
         Ky       0.92      0.88      0.90        26
         KỲ       0.00      0.00      0.00         2
         Kỹ       0.00      0.00      0.00         7

avg / total       0.90      0.90      0.90      5464
