[[2224   23   10    4   30    2    4    0   29    9    1    0    0]
 [  54  486    2    2   22    0    5    0    3    1    1    0    0]
 [  24    6   61    1    3    0    0    4    0    0    0    0    0]
 [  22   18    1  158    3    0    1    0    1    1    0    0    0]
 [  49   16    2    1 1006    1    0    2    1    3    0    0    0]
 [   2    0    0    0    1   68    0    0    8    0    0    0    0]
 [  10    4    0    0    1    1  118    0   59    0    0    0    0]
 [   9    7    0    1    4    0    0    1    2    0    0    0    0]
 [  24    6    0    0    1    8   19    0  220    0    0    0    0]
 [   6    1    0    0    4    0    0    0    0  547    0    0    0]
 [   1    0    0    0    0    0    1    0    1    0   23    0    0]
 [   0    0    0    0    2    0    0    0    0    0    0    0    0]
 [   3    3    0    0    0    0    0    0    0    1    0    0    0]]