             precision    recall  f1-score   support

         là       0.98      1.00      0.99     32993
         La       0.94      0.86      0.90       603
         la       0.92      0.77      0.84      1031
         lả       0.88      0.57      0.70        40
         lạ       0.86      0.69      0.77       548
         lá       0.89      0.45      0.60       269
         Lã       0.99      0.92      0.95      1297
         Là       0.89      0.36      0.52        69
         Lạ       1.00      0.78      0.88        18
         lã       1.00      0.58      0.73        19
         LA       0.00      0.00      0.00         3
         Lá       0.00      0.00      0.00         2

avg / total       0.97      0.97      0.97     36892
