[[32847    23    38     1    55    13    16     0     0     0     0     0]
 [   63   519    20     0     0     0     0     0     0     0     0     1]
 [  229     7   792     1     1     0     1     0     0     0     0     0]
 [   17     0     0    23     0     0     0     0     0     0     0     0]
 [  165     0     5     0   378     0     0     0     0     0     0     0]
 [  144     0     2     0     1   122     0     0     0     0     0     0]
 [   97     0     0     0     2     0  1197     1     0     0     0     0]
 [   44     0     0     0     0     0     0    25     0     0     0     0]
 [    3     0     0     0     0     0     0     1    14     0     0     0]
 [    6     0     0     1     0     1     0     0     0    11     0     0]
 [    1     2     0     0     0     0     0     0     0     0     0     0]
 [    0     0     0     0     0     1     0     1     0     0     0     0]]