             precision    recall  f1-score   support

        lắc       0.99      0.99      0.99      1150
        Lạc       0.97      0.98      0.98       856
        lạc       0.93      0.91      0.92       422
        Lặc       0.97      0.94      0.95        33
        lác       0.91      0.81      0.86        37
        lăc       0.00      0.00      0.00         1
        lặc       1.00      0.40      0.57         5
        LẠC       0.00      0.00      0.00         1

avg / total       0.97      0.97      0.97      2505
