[[19539     2    33     2     1     0     1    13     0     0     0     0
      0]
 [   60    53     0     2     0     0     0     0     0     0     0     0
      0]
 [   69     0   295     0     0     0     0     0     0     0     0     0
      0]
 [    9     4     1    36     0     0     0     0     0     0     0     0
      0]
 [   40     0     0     0    20     0     0     0     0     0     0     0
      0]
 [   13     0     0     0     0     1     0     0     0     0     0     0
      0]
 [    2     0     0     0     0     0     7     0     0     0     0     0
      0]
 [   77     0     0     0     0     0     0     0     0     0     0     0
      0]
 [    6     0     0     0     0     0     0     0     0     0     0     0
      0]
 [    2     0     0     0     0     0     0     0     0     0     0     0
      0]
 [    2     0     0     0     0     0     0     0     0     0     0     0
      0]
 [    1     0     0     0     0     0     0     0     0     0     0     0
      0]
 [    1     0     0     0     0     0     0     0     0     0     0     0
      0]]