             precision    recall  f1-score   support

        lại       0.99      1.00      0.99     19591
        Lại       0.90      0.46      0.61       115
        lai       0.90      0.81      0.85       364
        Lai       0.90      0.72      0.80        50
        lái       0.95      0.33      0.49        60
        lãi       1.00      0.07      0.13        14
        lải       0.88      0.78      0.82         9
        lạI       0.00      0.00      0.00        77
        lạị       0.00      0.00      0.00         6
        lâi       0.00      0.00      0.00         2
        lài       0.00      0.00      0.00         2
        LẠI       0.00      0.00      0.00         1
        lạì       0.00      0.00      0.00         1

avg / total       0.98      0.98      0.98     20292
