[[  86   51    1    0    1    5    0    0    0    0    0    0    0    0
     0    0    0    0    0    0]
 [   4 9788   57    8   15   56    6   30    1    0    0    0    5    3
     0    0    0    0    2    0]
 [   0  182  492    1   11    3    0    4    0    0    1    0    0    0
     0    1    0    0    0    0]
 [   0   16    1  141    0    0    0    0    0    0    0    0    2    0
     0    0    0    0    0    0]
 [   0   87   10    0  161    5    0    9   16    0    0    0    0    0
     0    0    0    0    0    0]
 [   3   82    3    0    2 1975    0    6    0    0    0    0    0    0
     0    0    0    0    0    0]
 [   0   21    0    0    0    0   88    0    0    0    0    0    0    0
     0    0    0    0    0    0]
 [   0   83    3    1    4   10    0  442    0    0    0    0    2    0
     0    0    0    0    0    0]
 [   0    4    0    0    7    1    0    0  376    1    0    0    0    0
     0    0    0    0    0    0]
 [   0    2    0    0    0    0    0    0    4    2    0    0    0    0
     0    0    0    0    0    0]
 [   0   14    0    0    0    0    0    1    0    0   44    0    0    0
     0    0    0    0    0    0]
 [   0   16    0    0    0    0    0    0    0    0    0   17    0    0
     0    0    0    0    0    0]
 [   0   10    0    2    0    1    0    0    0    0    0    0  166    0
     0    0    0    0    0    0]
 [   0   11    0    0    0    0    0    0    0    0    0    0    0    0
     0    0    0    0    0    0]
 [   0    8    0    0    0    0    0    1    0    0    0    0    0    0
     2    0    0    0    0    0]
 [   2    0    0    0    0    0    0    0    0    0    0    0    0    0
     0    1    0    0    0    0]
 [   0    1    0    0    0    0    0    0    0    0    0    0    0    0
     0    0    0    0    0    0]
 [   0    2    0    0    0    0    0    0    0    0    0    0    0    0
     0    0    0    0    0    0]
 [   0    1    0    0    0    0    0    0    0    0    0    0    0    0
     0    0    0    0    3    0]
 [   0    2    0    0    0    0    0    0    0    0    0    0    0    0
     0    0    0    0    0    0]]