             precision    recall  f1-score   support

        Làm       0.91      0.60      0.72       144
        làm       0.94      0.98      0.96      9975
        lắm       0.87      0.71      0.78       695
        lam       0.92      0.88      0.90       160
        lầm       0.80      0.56      0.66       288
        Lâm       0.96      0.95      0.96      2071
        lăm       0.94      0.81      0.87       109
        lâm       0.90      0.81      0.85       545
        lẩm       0.95      0.97      0.96       389
        lảm       0.67      0.25      0.36         8
        lẫm       0.98      0.75      0.85        59
        lấm       1.00      0.52      0.68        33
        Lam       0.95      0.93      0.94       179
        lạm       0.00      0.00      0.00        11
        lãm       1.00      0.18      0.31        11
        Lầm       0.50      0.33      0.40         3
        Lậm       0.00      0.00      0.00         1
        Lẫm       0.00      0.00      0.00         2
        Lắm       0.60      0.75      0.67         4
        LàM       0.00      0.00      0.00         2

avg / total       0.94      0.94      0.94     14689
