[[3216    0    3    2   15   22    2   15    0    7    0    0    2    1
     1    0    0    0    0    0    0    0    0]
 [  13   35    0    0    1    2    0    1    0    0    0    0    0    0
     0    0    0    0    0    0    0    0    0]
 [  44    1   60    0    1    0    0    0    0    0    0    0    0    0
     0    0    0    0    0    0    0    0    0]
 [  11    0    0  116    4    5    2   19    1    2    0    1    1    0
     0    0    0    0    0    0    0    0    0]
 [  38    0    0    0  242    3    0    1    0    1    0    0    1    0
     0    0    0    0    0    0    0    0    0]
 [  36    2    1    3   10  283    8   21    0    1    0    0    0    0
     1    0    0    0    0    0    0    0    0]
 [   7    0    1    1    0   10   32   18    0    1    0    0    0    0
     0    0    0    0    0    0    0    0    0]
 [  29    0    0    5    4   16    1  305    0    1    0    0   11    0
     0    0    0    0    0    0    0    0    0]
 [   8    0    0    6    1    1    0    0    7    0    2    0    0    0
     0    0    0    0    0    0    0    0    0]
 [  14    0    0    3    6    4    1    0    0   92    0    0    1    0
     0    1    0    0    0    0    0    0    0]
 [   2    0    0    0    0    0    0    0    2    0   42    0    0    0
     0    0    0    0    0    0    0    0    0]
 [   1    0    0    0    0    0    0    0    0    1    0    4    0    0
     0    0    0    0    0    0    0    0    0]
 [   3    0    0    1    0    5    0    8    0    0    0    0   24    0
     0    0    0    0    0    0    0    0    0]
 [   4    0    0    0    2    1    0    0    0    0    0    0    1    5
     0    0    0    0    0    0    0    0    0]
 [   2    0    0    0    0    0    0    0    0    0    0    0    0    0
     7    0    0    0    0    0    0    0    0]
 [   1    0    0    0    0    0    0    0    0    0    0    0    0    0
     0    3    0    0    0    0    0    0    0]
 [   0    0    0    0    0    2    0    0    0    0    0    0    0    0
     0    0    0    0    0    0    0    0    0]
 [   0    0    1    0    2    0    0    0    0    0    0    0    0    0
     0    0    0    0    0    0    0    0    0]
 [   0    0    0    2    0    0    0    1    0    0    0    0    0    0
     0    0    0    0    0    0    0    0    0]
 [   0    0    0    0    0    1    0    0    0    0    0    0    0    0
     0    0    0    0    0    0    0    0    0]
 [   2    0    0    0    0    0    0    0    0    0    0    0    0    0
     0    0    0    0    0    0    0    0    0]
 [   0    0    0    0    0    0    0    0    0    1    0    0    0    0
     0    0    0    0    0    0    0    0    0]
 [   0    0    1    0    0    0    0    0    0    0    0    0    0    0
     0    0    0    0    0    0    0    0    0]]