             precision    recall  f1-score   support

        lần       0.94      0.98      0.96      3286
        lấn       0.92      0.67      0.78        52
        Lần       0.90      0.57      0.69       106
        lan       0.83      0.72      0.77       162
        làn       0.84      0.85      0.84       286
        lẫn       0.80      0.77      0.79       366
        lẩn       0.70      0.46      0.55        70
        lăn       0.78      0.82      0.80       372
        lân       0.70      0.28      0.40        25
        Lan       0.86      0.75      0.80       122
        Lân       0.95      0.91      0.93        46
        lạn       0.80      0.67      0.73         6
        lặn       0.59      0.59      0.59        41
        lằn       0.83      0.38      0.53        13
        lận       0.78      0.78      0.78         9
        Lạn       0.75      0.75      0.75         4
        Lãn       0.00      0.00      0.00         2
        Làn       0.00      0.00      0.00         3
        lán       0.00      0.00      0.00         3
        lẵn       0.00      0.00      0.00         1
        Lăn       0.00      0.00      0.00         2
        Lán       0.00      0.00      0.00         1
        Lẩn       0.00      0.00      0.00         1

avg / total       0.89      0.90      0.89      4979
