[[ 571    9    4    0    2    1    0    1    2    1    0    0    0    0
     0    0    0    0    0    0    0]
 [  10  864    9    6    4    8    0    5    9    1   51    0    0    0
     1    0    0    0    0    0    0]
 [   0    9 5193    6    2    3    0    1    2    0    5    6    0    0
     0    0    0    0    0    0    0]
 [   4   38   14  107    2    4    0    4    4    6    0    0    0    0
     0    1    0    0    0    0    0]
 [   1   13    5    2   91    4    0    1    2    5    1    0    1    0
     1    0    0    0    0    0    0]
 [   0    7    6    4    5  480    1    5    1    3    1    2    0    0
     0    0    0    0    0    0    0]
 [   0    4    0    0    2    2   39    0    2    1    0    0    0    0
     0    0    0    0    0    0    0]
 [   0    1    9    0    0    7    0  219    5    0    2    0    0    0
     0    0    0    1    0    0    0]
 [   0    6    6    1    1    6    0    0  229    0    0    1    0    0
     1    0    0    0    0    0    0]
 [   0    6    0    1    1    4    1    0    0   66    0    2    0    0
     0    0    0    0    0    0    0]
 [   2   35    0    3    0    5    0    0    1    0   64    0    0    0
     1    0    0    0    0    0    0]
 [   0    0    3    0    1    0    0    0    0    2    0   74    0    0
     0    0    0    0    0    0    0]
 [   1    2    1    0    2    0    0    0    1    0    0    0   11    0
     0    0    0    0    0    0    0]
 [   0    0    0    0    0    0    1    0    0    0    0    0    0    0
     0    0    0    0    0    0    0]
 [   1    0    0    0    0    0    0    0    0    0    3    0    0    0
     9    0    0    0    0    0    0]
 [   0    0    0    0    0    0    0    0    0    0    0    0    0    0
     0    1    0    0    0    0    0]
 [   0    1    0    0    1    1    0    0    1    0    0    0    0    0
     0    1    1    0    0    0    0]
 [   0    1    0    0    0    0    0    0    0    0    0    0    0    0
     0    0    0    0    0    0    0]
 [   1    0    0    0    0    0    0    0    0    0    0    0    0    0
     0    0    0    0    0    0    0]
 [   0    0    0    0    1    0    0    0    0    0    0    0    0    0
     0    0    0    0    0    0    0]
 [   0    0    0    0    0    0    0    1    0    0    0    0    0    0
     0    0    0    0    0    0    0]]