             precision    recall  f1-score   support

       lắng       0.97      0.97      0.97       591
       lặng       0.87      0.89      0.88       968
       Lăng       0.99      0.99      0.99      5227
       lăng       0.82      0.58      0.68       184
       làng       0.79      0.72      0.75       127
       lang       0.91      0.93      0.92       515
       lảng       0.93      0.78      0.85        50
       Lang       0.92      0.90      0.91       244
       lạng       0.88      0.91      0.90       251
       lãng       0.78      0.81      0.80        81
       lẳng       0.50      0.58      0.54       111
       Lãng       0.87      0.93      0.90        80
       láng       0.92      0.61      0.73        18
       Lảng       0.00      0.00      0.00         1
       lâng       0.69      0.69      0.69        13
       lằng       0.33      1.00      0.50         1
       lẵng       1.00      0.17      0.29         6
       Lặng       0.00      0.00      0.00         1
       Lắng       0.00      0.00      0.00         1
       Làng       0.00      0.00      0.00         1
       LANG       0.00      0.00      0.00         1

avg / total       0.95      0.95      0.95      8472
