[[1567    1    9    4   27    0    1    0    0    0    0    0]
 [  15  176    1    9    6    0    1    0    0    0    0    0]
 [  19    4  102    3   10    0    0    0    0    0    0    0]
 [   5    2    7  132    3    8    0    0    0    0    0    0]
 [  36    1    6    2  632    3    9    0    0    0    0    0]
 [   5    0    4   13    2   14    0    0    0    0    0    0]
 [   2    0    0    0    4    0  287    0    0    0    0    0]
 [   0    0    0    0    1    0    0    0    0    0    0    0]
 [   1    0    0    0    0    0    0    0    0    0    0    0]
 [   0    1    0    0    0    0    0    0    0    0    0    0]
 [   1    0    0    0    0    0    0    0    0    0    0    0]
 [   0    0    0    0    1    0    0    0    0    0    0    0]]