             precision    recall  f1-score   support

       lạnh       0.95      0.97      0.96      1609
       lánh       0.95      0.85      0.90       208
       lành       0.79      0.74      0.76       138
       lanh       0.81      0.84      0.83       157
       lãnh       0.92      0.92      0.92       689
       lảnh       0.56      0.37      0.44        38
       Lãnh       0.96      0.98      0.97       293
       Lành       0.00      0.00      0.00         1
       Lạnh       0.00      0.00      0.00         1
       Lánh       0.00      0.00      0.00         1
       lặnh       0.00      0.00      0.00         1
       LãNH       0.00      0.00      0.00         1

avg / total       0.92      0.93      0.93      3137
