[[5967   52    0    8   95    2    3    0    1    0    1    0    0]
 [  66  662    0    0    0    1    0    0    2    0    0    0    0]
 [  41    1  468    0   10    0    0    0    0    0    0    0    0]
 [   5    2    0  109    0    0    0    0    0    0    0    0    0]
 [ 239    2    1    2  751    0    0    0    0    0    0    0    0]
 [   4    6    0    0    0    8    0    0    0    0    0    0    0]
 [  22    0    0    1    1    0   11    0    0    0    0    0    0]
 [   1    1    0    0    0    0    0    0    0    0    0    0    0]
 [   2    2    0    0    0    1    0    0    2    0    0    0    0]
 [   0    0    0    0    1    0    0    0    0    0    0    0    0]
 [   0    0    0    0    0    0    0    0    0    0    0    0    0]
 [   0    0    0    0    1    0    0    0    0    0    0    0    0]
 [   0    0    0    0    1    0    0    0    0    0    0    0    0]]