             precision    recall  f1-score   support

        lão       0.94      0.97      0.96      6129
        lao       0.91      0.91      0.91       731
        Lao       1.00      0.90      0.95       520
        lảo       0.91      0.94      0.92       116
        Lão       0.87      0.75      0.81       995
        lạo       0.67      0.44      0.53        18
        láo       0.79      0.31      0.45        35
        lậo       0.00      0.00      0.00         2
        lào       0.40      0.29      0.33         7
        Láo       0.00      0.00      0.00         1
        Lăo       0.00      0.00      0.00         0
        Lảo       0.00      0.00      0.00         1

avg / total       0.93      0.93      0.93      8556
