             precision    recall  f1-score   support

        lập       0.97      0.99      0.98      2697
        lấp       0.93      0.92      0.92       373
        Lập       0.99      0.85      0.91       162
        lắp       0.91      0.74      0.82        98
        lặp       0.76      0.50      0.60        38
        Lạp       1.00      0.44      0.62         9
        LẬP       0.00      0.00      0.00         1
        lạp       1.00      0.57      0.73         7
        lâp       0.00      0.00      0.00         2
        láp       0.00      0.00      0.00         3
        làp       0.00      0.00      0.00         1

avg / total       0.96      0.96      0.96      3391
