[[2678    9    2    3    5    0    0    0    0    0    0]
 [  29  342    0    2    0    0    0    0    0    0    0]
 [  23    1  137    1    0    0    0    0    0    0    0]
 [  14   10    0   73    1    0    0    0    0    0    0]
 [  17    1    0    1   19    0    0    0    0    0    0]
 [   5    0    0    0    0    4    0    0    0    0    0]
 [   1    0    0    0    0    0    0    0    0    0    0]
 [   2    1    0    0    0    0    0    4    0    0    0]
 [   2    0    0    0    0    0    0    0    0    0    0]
 [   0    3    0    0    0    0    0    0    0    0    0]
 [   1    0    0    0    0    0    0    0    0    0    0]]