[[ 93   1  10   2   0   0   0   0   0   0   0]
 [  0 669  14   0   1   0   0   0   0   0   0]
 [  1   7 212   0   2   0   0   0   0   0   0]
 [  1   0   3 282   0   0   0   0   0   1   0]
 [  0   0   0   0  24   0   0   0   0   0   0]
 [  0  10   0   0   0   3   0   0   0   0   0]
 [  0   0   4   0   0   0   2   0   0   0   0]
 [  0   0   1   0   0   0   0   4   0   0   0]
 [  0   0   1   0   0   0   0   0   0   0   0]
 [  0   0   0   0   0   0   0   0   0   0   0]
 [  0   0   0   1   0   0   0   0   0   0   0]]