             precision    recall  f1-score   support

        lạt       0.98      0.88      0.93       106
        lát       0.97      0.98      0.98       684
        lật       0.87      0.95      0.91       222
        Lạt       0.99      0.98      0.99       287
        lất       0.89      1.00      0.94        24
        Lát       1.00      0.23      0.38        13
        lắt       1.00      0.33      0.50         6
        lặt       1.00      0.80      0.89         5
        Lật       0.00      0.00      0.00         1
        LẠT       0.00      0.00      0.00         0

avg / total       0.96      0.96      0.95      1349
