             precision    recall  f1-score   support

        lâu       0.91      0.97      0.94      1387
        lậu       0.79      0.62      0.70        24
        làu       1.00      0.58      0.74        24
        Lâu       0.70      0.51      0.59        61
        Lầu       0.81      0.72      0.76        18
        lầu       0.79      0.69      0.73       188
        lau       0.91      0.73      0.81       131
        lảu       0.00      0.00      0.00         5
        láu       1.00      0.14      0.25         7
        Lậu       1.00      0.89      0.94         9
        lẫu       0.00      0.00      0.00         1
        lẩu       0.00      0.00      0.00         2

avg / total       0.89      0.89      0.88      1857
