[[1351    3    0    8    0   22    3    0    0    0    0    0]
 [   7   15    0    0    0    1    1    0    0    0    0    0]
 [   9    0   14    0    0    1    0    0    0    0    0    0]
 [  24    0    0   31    2    4    0    0    0    0    0    0]
 [   2    0    0    2   13    1    0    0    0    0    0    0]
 [  54    1    0    1    1  129    2    0    0    0    0    0]
 [  29    0    0    1    0    5   96    0    0    0    0    0]
 [   4    0    0    0    0    0    1    0    0    0    0    0]
 [   3    0    0    1    0    0    2    0    1    0    0    0]
 [   1    0    0    0    0    0    0    0    0    8    0    0]
 [   1    0    0    0    0    0    0    0    0    0    0    0]
 [   0    0    0    0    0    1    1    0    0    0    0    0]]