             precision    recall  f1-score   support

        lấy       0.97      1.00      0.98      4258
        lay       0.90      0.78      0.83       152
        lẩy       1.00      0.93      0.97        15
        lạy       0.92      0.64      0.76       126
        lẫy       0.91      0.70      0.79        69
        Lấy       1.00      0.58      0.74        36
        lầy       0.87      0.39      0.54        33
        láy       0.67      0.33      0.44         6
        Lạy       1.00      1.00      1.00         1
        lây       0.00      0.00      0.00        14
        lậy       0.00      0.00      0.00         2

avg / total       0.96      0.96      0.96      4712
