[[4242    8    0    6    0    0    2    0    0    0    0]
 [  28  118    0    1    4    0    0    1    0    0    0]
 [   0    0   14    0    1    0    0    0    0    0    0]
 [  44    1    0   81    0    0    0    0    0    0    0]
 [  18    3    0    0   48    0    0    0    0    0    0]
 [  14    1    0    0    0   21    0    0    0    0    0]
 [  20    0    0    0    0    0   13    0    0    0    0]
 [   4    0    0    0    0    0    0    2    0    0    0]
 [   0    0    0    0    0    0    0    0    1    0    0]
 [  14    0    0    0    0    0    0    0    0    0    0]
 [   2    0    0    0    0    0    0    0    0    0    0]]