             precision    recall  f1-score   support

         lẽ       0.91      0.97      0.94      1667
         lê       0.84      0.51      0.63        73
         lệ       0.81      0.76      0.78       513
         lẹ       0.89      0.85      0.87       235
         le       0.81      0.67      0.73        51
         lễ       0.89      0.91      0.90       723
         lẻ       0.53      0.33      0.41        57
         Lẽ       0.81      0.48      0.60        27
         Lệ       0.96      0.98      0.97      1663
         lể       0.80      1.00      0.89         4
         lề       0.69      0.67      0.68        30
         Lẹ       0.60      0.33      0.43         9
         lè       0.58      0.64      0.61        22
         Lê       0.89      0.63      0.74        65
         Lễ       0.71      0.36      0.48        14
         Lề       0.00      0.00      0.00         0
         lé       0.00      0.00      0.00         2

avg / total       0.90      0.91      0.90      5159
