[[1613    2   20    2    0   10   10    3    2    0    4    0    0    1
     0    0    0    0]
 [  12   37    8    4    0    9    0    0    0    0    0    0    2    1
     0    0    0    0]
 [  45    3  391    2    0    9    0    0   59    0    2    0    0    1
     0    1    0    0]
 [   4    0   12  200    1   16    0    0    0    0    0    2    0    0
     0    0    0    0]
 [   2    0    0    0   34    5    3    0    0    0    0    0    7    0
     0    0    0    0]
 [  42    0   13    6    0  655    2    0    2    1    0    0    0    1
     1    0    0    0]
 [  22    0    4    2    3    6   19    0    0    0    1    0    0    0
     0    0    0    0]
 [  14    0    0    0    0    0    0   13    0    0    0    0    0    0
     0    0    0    0]
 [   7    1   23    1    0    4    0    0 1626    0    0    0    0    0
     0    1    0    0]
 [   0    0    0    0    0    0    0    0    0    4    0    0    0    0
     0    0    0    0]
 [   2    0    1    0    2    2    2    0    0    0   20    0    0    1
     0    0    0    0]
 [   1    0    0    5    0    0    0    0    0    0    0    3    0    0
     0    0    0    0]
 [   0    0    2    2    2    2    0    0    0    0    0    0   14    0
     0    0    0    0]
 [   2    1    7    0    0   10    0    0    1    0    1    0    1   41
     1    0    0    0]
 [   0    0    0    0    0    8    0    0    1    0    0    0    0    0
     5    0    0    0]
 [   0    0    0    0    0    0    0    0    0    0    0    0    0    0
     0    0    0    0]
 [   0    0    1    0    0    0    0    0    0    0    1    0    0    0
     0    0    0    0]
 [   1    0    2    0    0    1    0    0    0    0    0    0    0    0
     0    0    0    0]]