[[10042     0    22     1     0     0     0     0     0     0     0]
 [   23    20    42     6     0     0     0     0     0     0     0]
 [   53    23   140     5     0     0     0     0     0     0     0]
 [   16     0     6    50     0     0     0     0     0     0     0]
 [    1     0     0     0    21     0     0     0     0     0     0]
 [   10     0     0     0     0     3     0     0     0     0     0]
 [    0     0     0     1     0     0     0     0     0     0     0]
 [    1     0     0     0     0     0     0     0     0     0     0]
 [    1     0     0     0     0     0     0     0     0     0     0]
 [    0     0     1     0     0     0     0     0     0     0     0]
 [    2     0     0     0     0     0     0     0     0     0     0]]