             precision    recall  f1-score   support

        lên       0.99      1.00      0.99     10065
        len       0.47      0.22      0.30        91
        lén       0.66      0.63      0.65       221
        lẻn       0.79      0.69      0.74        72
        lẽn       1.00      0.95      0.98        22
        Lên       1.00      0.23      0.38        13
        LẺN       0.00      0.00      0.00         1
        lện       0.00      0.00      0.00         1
        lền       0.00      0.00      0.00         1
        lến       0.00      0.00      0.00         1
        lèn       0.00      0.00      0.00         2

avg / total       0.98      0.98      0.98     10490
