             precision    recall  f1-score   support

       liên       0.95      0.94      0.95      1280
       liền       0.97      0.99      0.98      3699
       Liên       0.92      0.78      0.84       285
       Liền       0.00      0.00      0.00         4
       liến       0.67      0.25      0.36         8
       liễn       0.00      0.00      0.00         3
       liện       0.00      0.00      0.00         1
       liển       0.00      0.00      0.00         1
       lìền       0.00      0.00      0.00         1
       lìen       0.00      0.00      0.00         1

avg / total       0.96      0.96      0.96      5283
