             precision    recall  f1-score   support

       liệu       0.85      0.95      0.90       341
       liều       0.93      0.98      0.95       250
       liễu       0.83      0.71      0.76        68
       Liêu       0.92      0.77      0.84        60
       Liễu       0.92      0.90      0.91       163
       Liệu       0.50      0.12      0.19        17
       liêu       1.00      0.06      0.12        16
       LIỄU       0.00      0.00      0.00         1

avg / total       0.88      0.89      0.87       916
