             precision    recall  f1-score   support

       linh       0.87      0.91      0.89       834
       Linh       0.94      0.95      0.94      1238
       lĩnh       0.94      0.91      0.93       460
       Lĩnh       0.72      0.90      0.80        29
       lình       1.00      0.99      0.99        70
       lính       0.94      0.79      0.86       130
       lỉnh       0.00      0.00      0.00         5
       lịnh       0.00      0.00      0.00         5
       LINH       0.00      0.00      0.00         2
       Lịnh       0.00      0.00      0.00         1

avg / total       0.92      0.92      0.92      2774
