             precision    recall  f1-score   support

         lỗ       0.78      0.78      0.78       264
         lộ       0.91      0.95      0.93      1747
         lo       0.91      0.93      0.92      1223
         lờ       0.88      0.92      0.90       120
         Lỗ       0.93      0.89      0.91       283
         lở       0.67      0.48      0.56        29
         Lộ       0.82      0.53      0.64        17
         lỡ       0.69      0.61      0.65       123
         lổ       0.86      0.40      0.55        15
         lơ       0.92      0.82      0.87       146
         lò       0.80      0.74      0.77        87
         ló       0.70      0.62      0.66        34
         lồ       0.85      0.92      0.88       189
         lô       0.67      0.39      0.49        36
         Lo       0.00      0.00      0.00         1
         lố       0.95      0.65      0.77        31
         lọ       0.80      0.33      0.47        12
         Lồ       0.00      0.00      0.00         1
         Lô       0.96      0.98      0.97        50
         lớ       0.00      0.00      0.00         2
         Lỡ       0.00      0.00      0.00         1
         LÓ       0.00      0.00      0.00         1
         Lơ       0.00      0.00      0.00         1
         LỖ       0.00      0.00      0.00         1
         lợ       0.00      0.00      0.00         1

avg / total       0.89      0.89      0.89      4415
