[[ 206   18   17    1    3    0    0    5    1    0    8    1    1    1
     0    1    0    0    1    0    0    0    0    0    0]
 [  11 1659   39    2    1    3    1    9    0    1    3    4   11    2
     0    0    1    0    0    0    0    0    0    0    0]
 [   8   51 1135    1    6    1    0    6    0    1    0    1   12    1
     0    0    0    0    0    0    0    0    0    0    0]
 [   0    1    3  110    0    0    0    0    0    3    1    1    0    1
     0    0    0    0    0    0    0    0    0    0    0]
 [   7    5   15    0  253    0    0    2    0    0    0    0    1    0
     0    0    0    0    0    0    0    0    0    0    0]
 [   0    3    3    1    2   14    0    5    0    1    0    0    0    0
     0    0    0    0    0    0    0    0    0    0    0]
 [   0    4    1    0    2    0    9    0    0    0    0    0    0    1
     0    0    0    0    0    0    0    0    0    0    0]
 [   4   26   12    0    1    1    1   75    0    1    1    0    1    0
     0    0    0    0    0    0    0    0    0    0    0]
 [   7    1    1    0    0    0    0    0    6    0    0    0    0    0
     0    0    0    0    0    0    0    0    0    0    0]
 [   0    9    5    7    1    0    0    1    0  119    0    1    3    0
     0    0    0    0    0    0    0    0    0    0    0]
 [  10    7    3    0    0    1    0    2    0    0   64    0    0    0
     0    0    0    0    0    0    0    0    0    0    0]
 [   0   11    2    0    0    0    0    0    0    0    0   21    0    0
     0    0    0    0    0    0    0    0    0    0    0]
 [   0   10    3    1    1    1    0    0    0    0    0    0  173    0
     0    0    0    0    0    0    0    0    0    0    0]
 [   4    6    6    0    0    0    0    2    0    0    2    0    1   14
     0    0    0    0    1    0    0    0    0    0    0]
 [   0    0    1    0    0    0    0    0    0    0    0    0    0    0
     0    0    0    0    0    0    0    0    0    0    0]
 [   7    3    1    0    0    0    0    0    0    0    0    0    0    0
     0   20    0    0    0    0    0    0    0    0    0]
 [   0    3    1    2    0    0    0    0    0    0    1    1    0    0
     0    0    4    0    0    0    0    0    0    0    0]
 [   0    0    0    0    0    0    0    0    0    0    0    0    1    0
     0    0    0    0    0    0    0    0    0    0    0]
 [   0    0    0    0    0    0    0    0    0    0    0    0    0    1
     0    0    0    0   49    0    0    0    0    0    0]
 [   0    1    0    0    0    0    0    0    0    1    0    0    0    0
     0    0    0    0    0    0    0    0    0    0    0]
 [   0    0    0    0    0    0    0    1    0    0    0    0    0    0
     0    0    0    0    0    0    0    0    0    0    0]
 [   0    0    0    0    0    0    0    0    0    1    0    0    0    0
     0    0    0    0    0    0    0    0    0    0    0]
 [   0    0    0    0    0    0    0    0    0    1    0    0    0    0
     0    0    0    0    0    0    0    0    0    0    0]
 [   0    0    0    0    1    0    0    0    0    0    0    0    0    0
     0    0    0    0    0    0    0    0    0    0    0]
 [   1    0    0    0    0    0    0    0    0    0    0    0    0    0
     0    0    0    0    0    0    0    0    0    0    0]]