             precision    recall  f1-score   support

        Loa       0.94      0.91      0.93        34
        loa       0.94      0.65      0.77        23
        lòa       0.40      0.53      0.46        15
        lõa       0.64      0.78      0.70         9
        lóa       0.13      0.25      0.17         8
        loà       0.50      0.44      0.47         9
        loá       0.57      0.44      0.50         9
        loã       0.00      0.00      0.00         3

avg / total       0.69      0.65      0.66       110
