             precision    recall  f1-score   support

        Lôi       0.96      0.88      0.92       259
        lời       0.90      0.97      0.93      2844
        lợi       0.93      0.92      0.93      1292
        lòi       0.86      0.59      0.70        41
        Lời       0.87      0.69      0.77       116
        lơi       0.60      0.45      0.51        20
        lội       0.81      0.69      0.75        32
        lôi       0.79      0.68      0.73       242
        lối       0.80      0.70      0.75       310
        Lợi       0.96      0.96      0.96       291
        lỗi       0.82      0.76      0.79       219
        lỏi       0.80      0.88      0.84       147
        lọi       0.88      0.88      0.88        25
        Lỗi       0.00      0.00      0.00         1
        lói       0.56      0.60      0.58        15
        lờI       0.00      0.00      0.00        11
        lợI       0.00      0.00      0.00         5
        lỏI       0.00      0.00      0.00         1
        lõi       0.20      0.06      0.09        17
        lổi       1.00      0.11      0.20         9
        lồi       0.70      0.54      0.61        13
        loi       0.00      0.00      0.00         8
        Lơi       0.00      0.00      0.00         1
        lỗI       0.00      0.00      0.00         1
        Lối       0.00      0.00      0.00         1
        LợI       0.00      0.00      0.00         1
        Lợị       0.00      0.00      0.00         1
        lờị       0.00      0.00      0.00         3
        lỗị       0.00      0.00      0.00         1
        lới       0.00      0.00      0.00         1
        Lội       0.00      0.00      0.00         1
        lốI       0.00      0.00      0.00         2
        lộí       0.00      0.00      0.00         1

avg / total       0.89      0.89      0.89      5932
