             precision    recall  f1-score   support

        lồm       0.93      1.00      0.97        28
        lóm       0.00      0.00      0.00         3
        lốm       1.00      0.33      0.50         3
        lõm       0.73      0.90      0.81        21
        lỏm       0.80      0.94      0.86        17
        lom       0.75      0.82      0.78        11
        lòm       1.00      0.83      0.91         6
        lợm       1.00      0.44      0.62         9
        lổm       0.00      0.00      0.00         2
        lởm       0.82      1.00      0.90         9
        lờm       0.50      0.50      0.50         2
        lọm       0.50      0.33      0.40         3

avg / total       0.80      0.82      0.79       114
