             precision    recall  f1-score   support

        lớn       0.97      1.00      0.98      3263
        lộn       0.95      0.73      0.82       231
        lởn       0.67      0.50      0.57         8
        lờn       0.50      0.11      0.18         9
        lợn       0.90      0.36      0.51        25
        lon       1.00      0.50      0.67         4
        lốn       0.00      0.00      0.00         1
        lơn       1.00      0.20      0.33        10
        Lợn       0.00      0.00      0.00         1
        lón       0.00      0.00      0.00         1
        lổn       0.00      0.00      0.00         1
        lọn       1.00      0.67      0.80         3
        Lôn       1.00      1.00      1.00         3
        Lớn       0.00      0.00      0.00         1

avg / total       0.96      0.97      0.96      3561
