[[5103    3   37    9    0    1    2    0    0    0    0    0    0    0
     0]
 [  39  188    7    3    0    3    0    0    0    0    0    0    0    0
     0]
 [  50    2 7660   46    0    1    0    1    0    2    0    0    0    0
     0]
 [  56    9   70  296    0    2    0    0    0    0    0    0    0    0
     0]
 [   4    0    0    0    0    1    0    0    0    0    0    0    0    0
     0]
 [  15    6    1    0    0   82    0    2    0    0    0    0    0    0
     0]
 [  15    3    1    0    0    0   32    0    0    0    0    0    0    0
     0]
 [  14    1    3    5    0    5    0   17    0    0    0    0    0    0
     0]
 [   0    0    0    0    0    0    1    0   15    0    1    0    0    0
     0]
 [   9    0    2    0    0    0    0    0    0    7    0    0    0    0
     0]
 [   3    1    0   15    0    0    0    0    0    0    3    0    0    0
     0]
 [   1    0    0    0    0    0    0    0    0    0    0    0    0    0
     0]
 [   0    0    1    0    0    0    0    0    0    0    0    0    0    0
     0]
 [   0    0    0    0    0    2    0    0    0    0    0    0    0    0
     0]
 [   0    0    1    0    0    0    0    0    0    0    0    0    0    0
     0]]