             precision    recall  f1-score   support

       lòng       0.96      0.99      0.98      5155
       lông       0.88      0.78      0.83       240
       Long       0.98      0.99      0.99      7762
       long       0.79      0.68      0.73       433
       lọng       0.00      0.00      0.00         5
       lồng       0.85      0.77      0.81       106
       lỏng       0.91      0.63      0.74        51
       lộng       0.85      0.38      0.52        45
       lõng       1.00      0.88      0.94        17
       Lòng       0.78      0.39      0.52        18
       lóng       0.75      0.14      0.23        22
       Lông       0.00      0.00      0.00         1
       Lọng       0.00      0.00      0.00         1
       Lồng       0.00      0.00      0.00         2
       Lộng       0.00      0.00      0.00         1

avg / total       0.96      0.97      0.96     13859
