             precision    recall  f1-score   support

         Lữ       0.82      0.78      0.80        78
         lư       1.00      0.67      0.80        30
         lũ       0.76      0.95      0.85       200
         lừ       1.00      0.67      0.80        27
         Lư       0.45      0.36      0.40        14
         lự       0.91      0.91      0.91        23
         lu       0.87      0.65      0.74        20
         Lũ       0.50      0.33      0.40         3
         lù       0.80      0.50      0.62        16
         lữ       0.83      0.74      0.78        34
         lú       0.50      0.14      0.22         7
         lụ       1.00      0.50      0.67         2
         LỮ       0.00      0.00      0.00         1

avg / total       0.81      0.80      0.79       455
