[[ 61   0  14   0   2   0   0   0   1   0   0   0   0]
 [  1  20   5   0   1   1   1   0   0   1   0   0   0]
 [  3   0 190   0   1   1   1   0   0   4   0   0   0]
 [  2   0   5  18   1   0   0   0   0   0   1   0   0]
 [  3   0   5   0   5   0   0   1   0   0   0   0   0]
 [  0   0   2   0   0  21   0   0   0   0   0   0   0]
 [  2   0   4   0   0   0  13   0   1   0   0   0   0]
 [  0   0   2   0   0   0   0   1   0   0   0   0   0]
 [  0   0   8   0   0   0   0   0   8   0   0   0   0]
 [  1   0   7   0   1   0   0   0   0  25   0   0   0]
 [  1   0   5   0   0   0   0   0   0   0   1   0   0]
 [  0   0   1   0   0   0   0   0   0   0   0   1   0]
 [  0   0   1   0   0   0   0   0   0   0   0   0   0]]