             precision    recall  f1-score   support

        lụa       0.93      0.72      0.81        90
        lừa       0.91      0.88      0.89       385
        lựa       0.94      0.83      0.88       176
        lửa       0.86      0.98      0.92       670
        lưa       0.00      0.00      0.00         1
        lứa       0.50      0.14      0.22         7
        Lừa       0.00      0.00      0.00         2
        lùa       0.73      0.38      0.50        21
        lúa       1.00      0.08      0.15        12
        lữa       0.00      0.00      0.00         1
        Lửa       0.00      0.00      0.00         3
        Lúa       0.00      0.00      0.00         1
        lửạ       0.00      0.00      0.00         2
        luạ       0.00      0.00      0.00         1
        LỬA       0.00      0.00      0.00         1
        Lựa       0.00      0.00      0.00         1
        lua       0.00      0.00      0.00         1

avg / total       0.88      0.88      0.87      1375
