[[ 65   4   0  20   0   0   0   0   0   1   0   0   0   0   0   0   0]
 [  1 337   6  39   0   0   0   2   0   0   0   0   0   0   0   0   0]
 [  1  16 146  12   0   1   0   0   0   0   0   0   0   0   0   0   0]
 [  2   9   1 655   0   0   0   1   0   2   0   0   0   0   0   0   0]
 [  0   0   0   1   0   0   0   0   0   0   0   0   0   0   0   0   0]
 [  0   1   0   5   0   1   0   0   0   0   0   0   0   0   0   0   0]
 [  0   0   0   2   0   0   0   0   0   0   0   0   0   0   0   0   0]
 [  0   1   1  11   0   0   0   8   0   0   0   0   0   0   0   0   0]
 [  0   3   1   7   0   0   0   0   1   0   0   0   0   0   0   0   0]
 [  0   0   0   1   0   0   0   0   0   0   0   0   0   0   0   0   0]
 [  0   0   0   3   0   0   0   0   0   0   0   0   0   0   0   0   0]
 [  0   1   0   0   0   0   0   0   0   0   0   0   0   0   0   0   0]
 [  0   0   0   2   0   0   0   0   0   0   0   0   0   0   0   0   0]
 [  0   0   0   1   0   0   0   0   0   0   0   0   0   0   0   0   0]
 [  0   0   0   1   0   0   0   0   0   0   0   0   0   0   0   0   0]
 [  0   0   0   1   0   0   0   0   0   0   0   0   0   0   0   0   0]
 [  1   0   0   0   0   0   0   0   0   0   0   0   0   0   0   0   0]]