             precision    recall  f1-score   support

        lực       0.94      0.94      0.94      2899
        lục       0.93      0.83      0.87       587
        lúc       0.95      0.98      0.96      6867
        Lục       0.96      0.95      0.95      1047
        Lúc       0.90      0.55      0.68       297
        Lực       0.89      0.84      0.86        38
        lức       0.00      0.00      0.00         4
        LỰC       0.00      0.00      0.00         1

avg / total       0.95      0.95      0.95     11740
