             precision    recall  f1-score   support

        lui       0.79      0.81      0.80       591
        lùi       0.78      0.79      0.78       528
        lủi       0.83      0.42      0.56        12
        lưi       0.00      0.00      0.00         1
        lụi       0.00      0.00      0.00         4
        lũi       1.00      0.50      0.67         8
        lúi       0.00      0.00      0.00         3
        luị       0.00      0.00      0.00         1
        Lui       0.00      0.00      0.00         1

avg / total       0.78      0.79      0.78      1149
