             precision    recall  f1-score   support

       lung       0.84      0.67      0.74       100
       lùng       0.99      0.98      0.99       608
       lưng       0.96      1.00      0.98      1484
       lúng       0.91      0.96      0.93       212
       lựng       0.92      0.92      0.92        12
       lửng       0.92      0.93      0.93        76
       lừng       0.98      0.84      0.90       112
       Lung       0.93      0.93      0.93        61
       lủng       1.00      0.44      0.62         9
       lũng       1.00      1.00      1.00         9
       lững       0.84      0.75      0.79        36
       Lùng       0.00      0.00      0.00         1
       Lưng       0.00      0.00      0.00         2
       Lũng       0.80      0.57      0.67         7
       lụng       0.00      0.00      0.00         1
       Lửng       0.00      0.00      0.00         1
       Lừng       0.00      0.00      0.00         1

avg / total       0.96      0.96      0.96      2732
