[[  67    3    7   20    0    0    0    3    0    0    0    0    0    0
     0    0    0]
 [   1  593   13    1    0    0    0    0    0    0    0    0    0    0
     0    0    0]
 [   0    0 1480    0    1    1    0    0    0    0    1    0    0    1
     0    0    0]
 [   4    0    4  204    0    0    0    0    0    0    0    0    0    0
     0    0    0]
 [   0    0    1    0   11    0    0    0    0    0    0    0    0    0
     0    0    0]
 [   0    0    1    0    0   71    0    0    0    0    4    0    0    0
     0    0    0]
 [   8    0    9    0    0    1   94    0    0    0    0    0    0    0
     0    0    0]
 [   0    0    4    0    0    0    0   57    0    0    0    0    0    0
     0    0    0]
 [   0    0    5    0    0    0    0    0    4    0    0    0    0    0
     0    0    0]
 [   0    0    0    0    0    0    0    0    0    9    0    0    0    0
     0    0    0]
 [   0    0    5    0    0    3    1    0    0    0   27    0    0    0
     0    0    0]
 [   0    0    0    0    0    0    0    1    0    0    0    0    0    0
     0    0    0]
 [   0    0    2    0    0    0    0    0    0    0    0    0    0    0
     0    0    0]
 [   0    0    3    0    0    0    0    0    0    0    0    0    0    4
     0    0    0]
 [   0    0    1    0    0    0    0    0    0    0    0    0    0    0
     0    0    0]
 [   0    0    0    0    0    1    0    0    0    0    0    0    0    0
     0    0    0]
 [   0    0    0    0    0    0    1    0    0    0    0    0    0    0
     0    0    0]]