             precision    recall  f1-score   support

       lưỡi       0.90      0.97      0.93       382
       lười       0.95      0.69      0.80        29
       lưởi       0.33      0.24      0.28        17
       lưới       0.92      0.72      0.81        75
       Lưỡi       0.50      0.67      0.57         3
       Lưởi       0.00      0.00      0.00         0
       lưõi       1.00      1.00      1.00         2
       Lưới       0.00      0.00      0.00         1

avg / total       0.88      0.88      0.88       510
