             precision    recall  f1-score   support

      lượng       0.90      0.91      0.91       527
      luồng       0.90      0.96      0.93       574
      lường       0.89      0.78      0.83        60
      Lương       0.92      0.97      0.94       486
      lương       0.85      0.88      0.86       374
      lưỡng       0.96      0.82      0.89       162
      luống       0.93      0.81      0.87        84
      Luồng       0.00      0.00      0.00         6
      Luơng       0.00      0.00      0.00         1
      luông       0.00      0.00      0.00         5
      luơng       0.00      0.00      0.00         1
      Lượng       1.00      0.81      0.89        31
      Lưỡng       1.00      0.20      0.33        15
      luỡng       0.00      0.00      0.00         1
      lựong       0.00      0.00      0.00         1

avg / total       0.90      0.90      0.90      2328
