[[479  21   2  10  15   0   0   0   0   0   0   0   0   0   0]
 [ 13 549   0   2   6   0   4   0   0   0   0   0   0   0   0]
 [  3   1  47   2   7   0   0   0   0   0   0   0   0   0   0]
 [  6   1   1 469   9   0   0   0   0   0   0   0   0   0   0]
 [ 13  10   3  16 329   3   0   0   0   0   0   0   0   0   0]
 [  9   2   0   5  12 133   1   0   0   0   0   0   0   0   0]
 [  3   5   0   1   7   0  68   0   0   0   0   0   0   0   0]
 [  0   6   0   0   0   0   0   0   0   0   0   0   0   0   0]
 [  0   0   0   1   0   0   0   0   0   0   0   0   0   0   0]
 [  0   5   0   0   0   0   0   0   0   0   0   0   0   0   0]
 [  0   0   0   0   1   0   0   0   0   0   0   0   0   0   0]
 [  2   3   0   1   0   0   0   0   0   0   0  25   0   0   0]
 [  1   4   0   4   1   2   0   0   0   0   0   0   3   0   0]
 [  0   0   0   1   0   0   0   0   0   0   0   0   0   0   0]
 [  1   0   0   0   0   0   0   0   0   0   0   0   0   0   0]]