             precision    recall  f1-score   support

         mà       0.96      0.99      0.97     13031
         ma       0.67      0.47      0.55       731
         Ma       0.79      0.81      0.80      1107
         Mã       0.94      0.80      0.87       346
         mã       0.91      0.84      0.88       551
         má       0.87      0.77      0.82       492
         mạ       0.95      0.98      0.97       169
         Má       0.61      0.52      0.56        44
         mả       0.50      0.13      0.21        15
         Mà       0.00      0.00      0.00        19
         Mạ       0.00      0.00      0.00         2
         MA       0.00      0.00      0.00         3
         mặ       0.00      0.00      0.00         1

avg / total       0.93      0.93      0.93     16511
