[[12875    35    41     8    37    30     4     1     0     0     0     0
      0]
 [  176   344   203     1     2     5     0     0     0     0     0     0
      0]
 [   72   127   902     3     2     1     0     0     0     0     0     0
      0]
 [   63     1     1   277     3     1     0     0     0     0     0     0
      0]
 [   77     3     0     5   465     1     0     0     0     0     0     0
      0]
 [   94     2     0     0     0   378     2    14     2     0     0     0
      0]
 [    3     0     0     0     0     0   166     0     0     0     0     0
      0]
 [    4     0     0     0     0    17     0    23     0     0     0     0
      0]
 [   13     0     0     0     0     0     0     0     2     0     0     0
      0]
 [   18     0     0     0     0     1     0     0     0     0     0     0
      0]
 [    0     0     0     0     0     0     2     0     0     0     0     0
      0]
 [    2     0     1     0     0     0     0     0     0     0     0     0
      0]
 [    1     0     0     0     0     0     0     0     0     0     0     0
      0]]