             precision    recall  f1-score   support

        mãi       0.81      0.87      0.84       379
        mái       0.96      0.94      0.95       389
        mai       0.88      0.95      0.91       590
        mại       0.97      0.97      0.97        71
        Mai       0.85      0.74      0.79       177
        mài       1.00      0.26      0.41        35
        mải       0.64      0.31      0.42        29
        Mãi       0.00      0.00      0.00         4

avg / total       0.88      0.88      0.87      1674
