             precision    recall  f1-score   support

        màn       0.89      0.96      0.92       290
        Man       0.54      0.54      0.54        56
        mạn       0.91      0.84      0.87        80
        mắn       0.98      0.99      0.98       127
        mãn       0.90      0.88      0.89       145
        man       0.70      0.70      0.70       118
        mẫn       0.94      0.95      0.95        64
        Mãn       0.90      0.91      0.90       172
        mặn       1.00      0.36      0.53        14
        mân       1.00      0.86      0.92         7
        Mẫn       0.99      0.97      0.98       155
        Màn       0.00      0.00      0.00         6
        Mân       0.86      0.75      0.80         8
        Mạn       0.83      0.94      0.88        32
        mận       1.00      1.00      1.00         1
        mẩn       0.60      0.43      0.50         7
        mằn       1.00      0.50      0.67         2
        mần       0.00      0.00      0.00         2
        mán       0.00      0.00      0.00         1
        mản       0.00      0.00      0.00         1

avg / total       0.87      0.88      0.87      1288
