[[278   1   0   2   1   4   0   3   0   0   0   1   0   0   0   0   0   0
    0   0]
 [  8  30   2   0   0  15   0   0   0   0   0   0   0   0   0   0   0   0
    1   0]
 [  6   2  67   0   1   0   0   3   0   0   0   0   1   0   0   0   0   0
    0   0]
 [  0   0   0 126   1   0   0   0   0   0   0   0   0   0   0   0   0   0
    0   0]
 [  2   1   3   0 127   6   2   4   0   0   0   0   0   0   0   0   0   0
    0   0]
 [  5  19   1   0   3  83   1   5   0   0   0   0   0   0   0   1   0   0
    0   0]
 [  1   0   0   0   0   1  61   0   0   0   0   0   0   0   0   1   0   0
    0   0]
 [  1   3   1   0   5   0   1 157   0   0   1   0   0   3   0   0   0   0
    0   0]
 [  1   0   0   0   0   4   0   2   5   0   1   0   0   1   0   0   0   0
    0   0]
 [  1   0   0   0   0   0   0   0   0   6   0   0   0   0   0   0   0   0
    0   0]
 [  2   0   0   0   1   1   0   0   0   0 150   0   0   1   0   0   0   0
    0   0]
 [  6   0   0   0   0   0   0   0   0   0   0   0   0   0   0   0   0   0
    0   0]
 [  2   0   0   0   0   0   0   0   0   0   0   0   6   0   0   0   0   0
    0   0]
 [  1   0   0   0   0   0   0   1   0   0   0   0   0  30   0   0   0   0
    0   0]
 [  0   0   0   0   0   0   0   0   0   0   0   0   0   0   1   0   0   0
    0   0]
 [  0   0   0   0   0   4   0   0   0   0   0   0   0   0   0   3   0   0
    0   0]
 [  0   0   0   0   0   0   0   0   0   0   0   0   0   1   0   0   1   0
    0   0]
 [  0   0   0   1   1   0   0   0   0   0   0   0   0   0   0   0   0   0
    0   0]
 [  0   0   0   0   0   1   0   0   0   0   0   0   0   0   0   0   0   0
    0   0]
 [  0   0   0   0   1   0   0   0   0   0   0   0   0   0   0   0   0   0
    0   0]]