[[248  17  41   0   1   0   0   0   5   0   0]
 [  7 913  47   0   2   0   1   1   1   0   0]
 [ 22  73 803   3   3   2   5   0  20   0   0]
 [  0   0   4   2   0   0   0   0   0   0   0]
 [  1   2   9   0  27   0   0   0   1   0   0]
 [  0   1   1   0   3  21   0   0   0   0   0]
 [  0   0  10   0   0   0   0   0   0   0   0]
 [  0   1   9   0   0   0   0  12   0   0   0]
 [  2   7  11   0   2   0   0   0  76   0   0]
 [  0   2   5   0   1   0   0   0   0   1   0]
 [  1   1   0   0   0   0   0   0   0   0   1]]