             precision    recall  f1-score   support

       mắng       0.88      0.79      0.84       312
       mạng       0.90      0.94      0.92       972
       mang       0.85      0.86      0.86       931
       Mãng       0.40      0.33      0.36         6
       mảng       0.69      0.68      0.68        40
       mãng       0.91      0.81      0.86        26
       máng       0.00      0.00      0.00        10
       Mang       0.92      0.55      0.69        22
       màng       0.74      0.78      0.76        98
       măng       1.00      0.11      0.20         9
       Mạng       1.00      0.33      0.50         3

avg / total       0.87      0.87      0.86      2429
