             precision    recall  f1-score   support

       mạnh       0.94      0.97      0.95      1056
       mãnh       0.90      0.93      0.91       333
       Mạnh       1.00      0.53      0.69        19
       mảnh       0.91      0.83      0.87       242
       manh       0.93      0.91      0.92       143
       mành       1.00      0.50      0.67        10
       Manh       0.86      0.75      0.80         8
       Mãnh       1.00      0.60      0.75         5
       mánh       0.00      0.00      0.00         3

avg / total       0.93      0.93      0.93      1819
