             precision    recall  f1-score   support

        Mạo       1.00      0.50      0.67         4
        mạo       0.95      1.00      0.97       488
        Mao       0.91      0.93      0.92       216
        mao       0.92      0.49      0.64        47
        mào       0.00      0.00      0.00         1
        mão       0.50      0.17      0.25         6
        Mão       0.00      0.00      0.00         1
        máo       0.00      0.00      0.00         1

avg / total       0.93      0.93      0.93       764
