             precision    recall  f1-score   support

        mất       0.88      0.83      0.85      1490
        mặt       0.91      0.93      0.92      7635
        mắt       0.91      0.92      0.91      5981
        mật       0.90      0.83      0.87       774
        Mật       0.97      0.97      0.97       378
        Mắt       0.80      0.29      0.42        14
        mát       0.77      0.47      0.59        87
        Mặt       1.00      0.09      0.16        34
        mạt       0.91      0.80      0.85       110
        Mất       0.00      0.00      0.00         5
        măt       0.00      0.00      0.00         3
        mằt       0.00      0.00      0.00         1
        MẶT       0.00      0.00      0.00         1
        Mạt       0.93      0.97      0.95        29
        Mát       0.00      0.00      0.00         1
        mẳt       0.00      0.00      0.00         1

avg / total       0.91      0.91      0.91     16544
