[[1235  140   66   32    7    0    9    0    0    1    0    0    0    0
     0    0]
 [  79 7134  390   26    1    0    0    0    5    0    0    0    0    0
     0    0]
 [  44  442 5485    6    1    0    2    0    1    0    0    0    0    0
     0    0]
 [  24   65   33  646    3    0    1    0    1    0    0    0    0    1
     0    0]
 [   3    4    1    3  367    0    0    0    0    0    0    0    0    0
     0    0]
 [   0    4    4    1    0    4    0    0    0    0    0    0    0    1
     0    0]
 [   8   16   19    2    0    0   41    0    1    0    0    0    0    0
     0    0]
 [   1   24    6    0    0    0    0    3    0    0    0    0    0    0
     0    0]
 [   5   13    3    1    0    0    0    0   88    0    0    0    0    0
     0    0]
 [   2    0    1    0    1    1    0    0    0    0    0    0    0    0
     0    0]
 [   0    2    1    0    0    0    0    0    0    0    0    0    0    0
     0    0]
 [   0    1    0    0    0    0    0    0    0    0    0    0    0    0
     0    0]
 [   0    1    0    0    0    0    0    0    0    0    0    0    0    0
     0    0]
 [   0    0    0    0    0    0    0    0    1    0    0    0    0   28
     0    0]
 [   0    1    0    0    0    0    0    0    0    0    0    0    0    0
     0    0]
 [   0    0    1    0    0    0    0    0    0    0    0    0    0    0
     0    0]]