             precision    recall  f1-score   support

        màu       0.82      0.85      0.83       669
        mẫu       0.84      0.90      0.87       206
        Mau       0.61      0.40      0.48        63
        mậu       1.00      0.80      0.89         5
        máu       0.84      0.89      0.86       798
        mâu       0.92      0.82      0.87       149
        mau       0.88      0.90      0.89       746
        mẩu       1.00      0.35      0.52        20
        mấu       1.00      0.83      0.91        29
        Màu       1.00      0.50      0.67         4
        Mâu       0.99      0.96      0.97        73
        mầu       0.14      0.08      0.10        60
        Máu       0.00      0.00      0.00         4
        Mậu       1.00      0.40      0.57         5
        Mẫu       0.62      0.29      0.40        17
        Mầu       0.00      0.00      0.00         2

avg / total       0.83      0.84      0.84      2850
