[[566   6   0   0  52   2  13   0   0   0   0  29   1   0   0   0]
 [  4 185   1   0   8   2   6   0   0   0   0   0   0   0   0   0]
 [  5   0  25   0   5   0  25   0   0   0   0   0   0   0   3   0]
 [  0   0   0   4   1   0   0   0   0   0   0   0   0   0   0   0]
 [ 39   5   1   0 712   5  34   0   0   0   1   1   0   0   0   0]
 [  5   2   0   0  14 122   6   0   0   0   0   0   0   0   0   0]
 [ 15   9   8   0  41   0 672   0   0   0   0   1   0   0   0   0]
 [  1   3   0   0   8   0   1   7   0   0   0   0   0   0   0   0]
 [  1   1   0   0   2   0   1   0  24   0   0   0   0   0   0   0]
 [  1   0   0   0   1   0   0   0   0   2   0   0   0   0   0   0]
 [  0   0   1   0   1   0   1   0   0   0  70   0   0   0   0   0]
 [ 52   1   0   0   1   0   1   0   0   0   0   5   0   0   0   0]
 [  1   0   1   0   1   0   1   0   0   0   0   0   0   0   0   0]
 [  1   0   0   0   1   0   1   0   0   0   0   0   0   2   0   0]
 [  0   7   4   0   1   0   0   0   0   0   0   0   0   0   5   0]
 [  0   0   0   0   0   1   1   0   0   0   0   0   0   0   0   0]]