[[ 283   49    5    8    0    0    4    0    1    0    0    0    0    0
     0    0]
 [  13 3743   20   16    2    0    6    0    0    0    0    0    0    0
     0    0]
 [   5   61  754    6    0    0    3    0    0    0    0    2    0    0
     0    0]
 [   2   76    9  525    1   17    3    0    0    1    0    0    0    0
     0    0]
 [   0   45    1    0   57    0    0    0    0    0    0    0    0    0
     0    0]
 [   1    3    1   21    0   13    0    0    0    2    0    0    0    0
     0    0]
 [   2   51    2    1    0    0  120    0    0    0    0    0    0    0
     0    0]
 [   1    2    0   14    6    0    0   21    0    0    0    0    0    0
     0    0]
 [   1    2    0    0    0    0    0    0    0    0    0    0    0    0
     0    0]
 [   1    2    0    0    0    0    0    0    0    2    0    0    0    0
     0    0]
 [   0    1    0    0    0    0    0    0    0    0    0    0    0    0
     0    0]
 [   0    1    1    0    3    0    0    0    0    0    0    4    0    0
     0    0]
 [   0    0    0    0    0    0    2    0    0    0    0    0    0    0
     0    0]
 [   0    0    0    1    0    0    0    0    0    0    0    0    0    0
     0    0]
 [   0    0    0    0    1    0    0    0    0    0    0    0    0    0
     0    0]
 [   0    0    1    0    0    0    0    0    0    0    0    0    0    0
     0    0]]