             precision    recall  f1-score   support

        mây       0.92      0.81      0.86       350
        mấy       0.93      0.98      0.96      3800
        mày       0.95      0.91      0.93       831
        may       0.89      0.83      0.86       634
        Mấy       0.81      0.55      0.66       103
        mảy       0.43      0.32      0.37        41
        máy       0.87      0.68      0.76       176
        May       1.00      0.48      0.65        44
        Mây       0.00      0.00      0.00         3
        mẩy       0.40      0.40      0.40         5
        mầy       0.00      0.00      0.00         1
        Mày       0.67      0.44      0.53         9
        Máy       0.00      0.00      0.00         2
        maỵ       0.00      0.00      0.00         1
        Mẫy       0.00      0.00      0.00         1
        mằy       0.00      0.00      0.00         1

avg / total       0.92      0.92      0.92      6002
