             precision    recall  f1-score   support

         mẹ       0.86      0.88      0.87       552
         mé       0.91      0.94      0.92       218
         mê       0.89      0.92      0.90       455
         Mẹ       0.91      0.58      0.71        52
         me       0.91      0.83      0.87        12
         mẻ       0.94      0.96      0.95        47
         Mê       0.67      0.80      0.73        10
         mẽ       1.00      0.97      0.99        72
         Mễ       0.67      0.11      0.19        18
         mè       0.75      1.00      0.86         3
         mễ       0.00      0.00      0.00         1
         mề       0.00      0.00      0.00         1
         mế       0.00      0.00      0.00         1
         MÊ       0.00      0.00      0.00         1

avg / total       0.88      0.88      0.88      1443
