[[488  18  40   2   0   2   0   0   1   1   0   0   0   0]
 [ 10 204   2   1   0   1   0   0   0   0   0   0   0   0]
 [ 35   2 417   0   1   0   0   0   0   0   0   0   0   0]
 [ 20   0   2  30   0   0   0   0   0   0   0   0   0   0]
 [  1   0   1   0  10   0   0   0   0   0   0   0   0   0]
 [  1   0   1   0   0  45   0   0   0   0   0   0   0   0]
 [  1   0   1   0   0   0   8   0   0   0   0   0   0   0]
 [  2   0   0   0   0   0   0  70   0   0   0   0   0   0]
 [  8   1   3   0   0   0   4   0   2   0   0   0   0   0]
 [  0   0   0   0   0   0   0   0   0   3   0   0   0   0]
 [  1   0   0   0   0   0   0   0   0   0   0   0   0   0]
 [  1   0   0   0   0   0   0   0   0   0   0   0   0   0]
 [  0   0   1   0   0   0   0   0   0   0   0   0   0   0]
 [  0   0   1   0   0   0   0   0   0   0   0   0   0   0]]