             precision    recall  f1-score   support

         mị       0.84      0.74      0.78        91
         mỉ       0.95      1.00      0.98        20
         Mi       0.93      0.85      0.89       201
         mi       0.75      0.91      0.82       228
         mí       0.59      1.00      0.74        10
         Mị       1.00      0.33      0.50         6
         mĩ       0.86      0.53      0.65        34
         mì       0.75      0.43      0.55        28
         Mĩ       1.00      0.33      0.50         3

avg / total       0.83      0.82      0.81       621
