             precision    recall  f1-score   support

         mộ       0.91      0.76      0.83       155
         mở       0.86      0.95      0.90      1305
         mờ       0.90      0.88      0.89       369
         mỗ       0.87      0.90      0.88       496
         mò       0.81      0.71      0.76       114
         Mộ       0.88      0.92      0.90        25
         mô       0.92      0.72      0.81        76
         mồ       0.96      0.94      0.95       208
         Mô       0.00      0.00      0.00         2
         Mở       0.50      0.20      0.29        10
         mơ       0.90      0.89      0.89       281
         mỡ       0.70      0.25      0.37        28
         mổ       0.53      0.25      0.34        64
         mớ       0.83      0.60      0.70        25
         mỏ       0.75      0.40      0.52        15
         mó       0.47      0.78      0.58         9
         mõ       1.00      0.50      0.67         8
         Mỗ       0.00      0.00      0.00         3
         mọ       1.00      0.50      0.67         2
         Mò       0.00      0.00      0.00         1
         Mõ       0.00      0.00      0.00         3
         mo       0.00      0.00      0.00         3
         Mồ       0.00      0.00      0.00         2
         Mơ       0.00      0.00      0.00         8
         Mỏ       0.00      0.00      0.00         1

avg / total       0.86      0.87      0.86      3213
