[[ 118   22    8    3    0    0    0    2    0    0    1    0    1    0
     0    0    0    0    0    0    0    0    0    0    0]
 [   3 1242    7   23    4    1    2    3    0    0    9    3    3    2
     0    3    0    0    0    0    0    0    0    0    0]
 [   0   30  323    4    6    1    0    0    0    0    4    0    1    0
     0    0    0    0    0    0    0    0    0    0    0]
 [   3   36    1  444    1    1    1    0    0    0    4    0    4    0
     0    0    0    1    0    0    0    0    0    0    0]
 [   1   18    3    2   81    0    0    2    0    0    2    0    0    0
     1    4    0    0    0    0    0    0    0    0    0]
 [   0    1    0    0    1   23    0    0    0    0    0    0    0    0
     0    0    0    0    0    0    0    0    0    0    0]
 [   1   11    1    6    0    0   55    0    1    0    0    0    0    1
     0    0    0    0    0    0    0    0    0    0    0]
 [   1    7    1    2    0    0    0  196    0    0    1    0    0    0
     0    0    0    0    0    0    0    0    0    0    0]
 [   0    0    0    0    0    0    0    0    0    1    1    0    0    0
     0    0    0    0    0    0    0    0    0    0    0]
 [   0    7    0    0    0    0    0    0    0    2    1    0    0    0
     0    0    0    0    0    0    0    0    0    0    0]
 [   0   16    5    4    1    0    1    0    0    0  251    0    3    0
     0    0    0    0    0    0    0    0    0    0    0]
 [   0    6    5    3    2    0    0    0    0    0    2    7    2    0
     1    0    0    0    0    0    0    0    0    0    0]
 [   1   29    0   15    1    0    0    1    0    0    0    0   16    0
     0    1    0    0    0    0    0    0    0    0    0]
 [   0    7    1    2    0    0    0    0    0    0    0    0    0   15
     0    0    0    0    0    0    0    0    0    0    0]
 [   0    5    0    1    2    0    0    0    0    0    1    0    0    0
     6    0    0    0    0    0    0    0    0    0    0]
 [   0    1    0    0    0    0    1    0    0    0    0    0    0    0
     0    7    0    0    0    0    0    0    0    0    0]
 [   1    1    0    2    0    0    0    0    0    0    0    0    0    0
     0    0    4    0    0    0    0    0    0    0    0]
 [   0    1    2    0    0    0    0    0    0    0    0    0    0    0
     0    0    0    0    0    0    0    0    0    0    0]
 [   0    0    1    0    0    0    0    0    0    0    0    0    0    0
     0    0    0    0    1    0    0    0    0    0    0]
 [   0    0    0    0    1    0    0    0    0    0    0    0    0    0
     0    0    0    0    0    0    0    0    0    0    0]
 [   0    1    0    2    0    0    0    0    0    0    0    0    0    0
     0    0    0    0    0    0    0    0    0    0    0]
 [   0    1    1    0    0    0    0    1    0    0    0    0    0    0
     0    0    0    0    0    0    0    0    0    0    0]
 [   0    1    0    0    0    0    0    0    0    1    0    0    0    0
     0    0    0    0    0    0    0    0    0    0    0]
 [   0    6    0    0    0    0    0    0    0    0    2    0    0    0
     0    0    0    0    0    0    0    0    0    0    0]
 [   0    0    0    0    0    0    0    0    0    0    1    0    0    0
     0    0    0    0    0    0    0    0    0    0    0]]