[[1660  118   11   59    7   16    0    0    6    0    0    0    0    0
     7    0    0    0    0    0    0    0    0    0    0    0    0    0
     0]
 [  55 5904   34   47   14   68    2    0    0    0    0    0    0    0
     0    1    8    0    1    2    0    0    0    0    0    0    0    0
     0]
 [  16   75  536    5    2    6    0    0    0    0    0    1    0    2
     0    0    0    0    0    0    0    0    0    0    0    0    0    0
     0]
 [ 116  107   10  787    5   13    2    0    1    0    0    0    0    0
     0    0    0    0    0    0    0    0    0    0    0    0    0    0
     0]
 [   2   56    3   10  221    4    0    0    0    0    0    0    0    0
     0    0    0    0    0    1    0    0    0    0    0    0    0    0
     0]
 [  21  189    4   23    6  370    0    1    0    0    0    0    0    0
     0    0    0    0    0    0    0    0    0    0    0    0    0    0
     0]
 [   2    6    0    0    0    1  114    0    0    0    0    0    0    0
     0    0    0    0    0    0    0    0    0    0    0    0    0    0
     0]
 [   0    2    0    2    0    9    0   40    3    3    0    0    0    0
     0    0    0    0    0    0    0    0    0    0    0    0    0    0
     0]
 [  69    0    0    1    0    0    0    2  161    0    0    0    0    0
     0    0    0    0    0    0    0    1    0    0    0    0    0    0
     0]
 [   0    4    0    9    0    0    0    9    6    4    0    0    0    0
     0    1    0    0    0    0    0    1    0    0    0    0    0    0
     0]
 [   0    2    0    2    0    0    0    0    0    0    0    0    0    0
     0    0    0    0    0    0    0    0    0    0    0    0    0    0
     0]
 [   1    7    1    5    1    4    0    0    0    0    0   25    0    0
     0    0    0    0    0    0    0    0    0    0    0    0    0    0
     0]
 [   1    7    1    1    0    1    0    3    1    1    0    0    0    0
     0    0    0    0    0    0    0    0    0    0    0    0    0    0
     0]
 [   0    1    1    0    0    0    0    0    0    0    0    0    0    0
     0    0    0    0    0    0    0    0    0    0    0    0    0    0
     0]
 [  14    0    0    2    0    0    0    0    0    0    0    0    0    0
     0    0    0    0    0    0    0    0    0    0    0    0    0    0
     0]
 [   1    1    0    3    0    0    0    0    0    0    0    0    0    0
     0    0    0    0    0    0    0    0    0    0    0    0    0    0
     0]
 [   0   16    0    1    0    1    0    0    0    0    0    0    0    0
     0    0    0    0    0    0    0    0    0    0    0    0    0    0
     0]
 [   0    2    0    0    0    4    0    0    0    0    0    0    0    0
     0    0    0    0    0    0    0    0    0    0    0    0    0    0
     0]
 [   0    1    0    1    0    2    0    0    0    0    0    0    0    0
     0    0    1    0    2    0    0    0    0    0    0    0    0    0
     0]
 [   2    5    0    0    0    3    0    0    0    0    0    0    0    0
     0    0    0    0    0    1    0    0    0    0    0    0    0    0
     0]
 [   0    0    0    0    0    0    2    0    0    0    0    0    0    0
     0    0    0    0    0    0    0    0    0    0    0    0    0    0
     0]
 [   0    1    4    0    0    0    0    6    0    0    0    0    0    0
     0    0    0    0    0    0    0    1    0    0    0    0    0    0
     0]
 [   0    1    0    0    0    0    2    0    0    0    0    0    0    0
     0    0    0    0    0    0    0    0    0    0    0    0    0    0
     0]
 [   0    0    0    0    0    0    0    0    1    0    0    0    0    0
     0    0    0    0    0    0    0    0    0    0    0    0    0    0
     0]
 [   0    4    0    0    0    0    0    0    0    0    0    0    0    0
     0    0    0    0    0    0    0    0    0    0    2    0    0    0
     0]
 [   0    1    0    0    0    0    0    0    0    0    0    0    0    0
     0    0    0    0    0    0    0    0    0    0    0    0    0    0
     0]
 [   0    0    0    0    0    0    0    0    0    0    0    1    0    0
     0    0    0    0    0    0    0    0    0    0    0    0    0    0
     0]
 [   1    0    0    0    0    0    0    0    0    0    0    0    0    0
     0    0    0    0    0    0    0    0    0    0    0    0    0    0
     0]
 [   0    1    0    0    0    0    0    0    0    0    0    0    0    0
     0    0    0    0    0    0    0    0    0    0    0    0    0    0
     0]]