             precision    recall  f1-score   support

        mọi       0.85      0.88      0.86      1884
        mới       0.91      0.96      0.93      6136
        mối       0.89      0.83      0.86       643
        mỗi       0.82      0.76      0.79      1041
        môi       0.86      0.74      0.80       297
        mời       0.74      0.60      0.66       614
        mỏi       0.93      0.93      0.93       123
        Mời       0.66      0.68      0.67        59
        Mọi       0.90      0.69      0.78       234
        Mỗi       0.50      0.12      0.19        34
        mội       0.00      0.00      0.00         4
        mồi       0.93      0.57      0.70        44
        Mới       0.00      0.00      0.00        16
        mốI       0.00      0.00      0.00         2
        mọI       0.00      0.00      0.00        16
        mỗI       0.00      0.00      0.00         5
        mớI       0.00      0.00      0.00        18
        mờI       0.00      0.00      0.00         6
        mói       0.67      0.29      0.40         7
        moi       0.25      0.09      0.13        11
        mõi       0.00      0.00      0.00         2
        Mối       0.33      0.08      0.13        12
        mởi       0.00      0.00      0.00         3
        Moi       0.00      0.00      0.00         1
        Môi       1.00      0.33      0.50         6
        mơi       0.00      0.00      0.00         1
        mồI       0.00      0.00      0.00         1
        Moị       0.00      0.00      0.00         1
        mớị       0.00      0.00      0.00         1

avg / total       0.87      0.88      0.87     11222
