             precision    recall  f1-score   support

        môn       0.91      0.95      0.93      1990
        Môn       0.83      0.81      0.82       491
        món       0.89      0.71      0.79       220
        mọn       0.94      0.89      0.91        36
        Món       0.71      0.62      0.67         8
        mồn       0.88      0.94      0.91        16
        mòn       1.00      0.31      0.47        29
        mơn       0.75      0.50      0.60        12
        mởn       0.00      0.00      0.00         2
        mỏn       0.00      0.00      0.00         1
        MÔN       0.00      0.00      0.00         1

avg / total       0.90      0.90      0.89      2806
