[[1895   75   17    1    0    2    0    0    0    0    0]
 [  90  399    0    0    2    0    0    0    0    0    0]
 [  62    2  156    0    0    0    0    0    0    0    0]
 [   4    0    0   32    0    0    0    0    0    0    0]
 [   0    2    1    0    5    0    0    0    0    0    0]
 [   0    0    1    0    0   15    0    0    0    0    0]
 [  17    1    0    1    0    0    9    1    0    0    0]
 [   5    0    1    0    0    0    0    6    0    0    0]
 [   1    0    0    0    0    0    0    1    0    0    0]
 [   1    0    0    0    0    0    0    0    0    0    0]
 [   0    1    0    0    0    0    0    0    0    0    0]]