             precision    recall  f1-score   support

       mong       0.85      0.97      0.90       648
       mông       0.95      0.84      0.89       133
       mỏng       0.81      0.58      0.68        88
       Mông       0.93      0.91      0.92       204
       móng       0.78      0.88      0.83        33
       mộng       0.89      0.74      0.81       147
       mòng       0.89      0.80      0.84        10
       mồng       1.00      0.50      0.67        12
       Móng       0.00      0.00      0.00         1
       mọng       0.50      0.33      0.40         3
       Mộng       0.91      0.67      0.77        15
       Mong       0.00      0.00      0.00        10
       mống       0.75      0.43      0.55         7
       Mồng       0.00      0.00      0.00         2
       MÔNG       0.00      0.00      0.00         1
       Mỏng       0.00      0.00      0.00         1

avg / total       0.86      0.87      0.86      1315
