[[626   1   9   6   1   5   0   0   0   0   0   0   0   0   0   0]
 [ 14 112   0   3   4   0   0   0   0   0   0   0   0   0   0   0]
 [ 29   0  51   1   1   4   0   0   0   1   1   0   0   0   0   0]
 [ 14   0   0 186   1   3   0   0   0   0   0   0   0   0   0   0]
 [  0   2   1   0  29   0   0   0   0   0   0   0   1   0   0   0]
 [ 30   2   2   4   0 109   0   0   0   0   0   0   0   0   0   0]
 [  2   0   0   0   0   0   8   0   0   0   0   0   0   0   0   0]
 [  4   1   0   0   0   0   1   6   0   0   0   0   0   0   0   0]
 [  0   0   0   0   1   0   0   0   0   0   0   0   0   0   0   0]
 [  1   0   0   0   0   1   0   0   0   1   0   0   0   0   0   0]
 [  5   0   0   0   0   0   0   0   0   0  10   0   0   0   0   0]
 [ 10   0   0   0   0   0   0   0   0   0   0   0   0   0   0   0]
 [  4   0   0   0   0   0   0   0   0   0   0   0   3   0   0   0]
 [  0   0   0   0   0   1   0   0   0   0   0   1   0   0   0   0]
 [  0   0   0   1   0   0   0   0   0   0   0   0   0   0   0   0]
 [  1   0   0   0   0   0   0   0   0   0   0   0   0   0   0   0]]