[[29430    10     0     0     0     1     0     0     0     0     0]
 [  172   135     0     0     0     0     0     0     0     0     0]
 [    5     0     4     0     0     0     0     0     0     0     0]
 [   13     0     0     0     0     0     0     0     0     0     0]
 [   20     1     0     0    16     0     0     0     0     0     0]
 [   12     0     1     0     0     0     0     0     0     0     0]
 [    0     1     0     0     0     0     0     0     0     0     0]
 [    3     0     0     0     0     0     0     0     0     0     0]
 [    1     0     0     0     0     0     0     0     0     0     0]
 [    1     0     0     0     0     0     0     0     0     0     0]
 [    1     0     0     0     0     0     0     0     0     0     0]]