             precision    recall  f1-score   support

        một       0.99      1.00      1.00     29441
        Một       0.92      0.44      0.59       307
        Mọt       0.80      0.44      0.57         9
        môt       0.00      0.00      0.00        13
        mốt       1.00      0.43      0.60        37
        mọt       0.00      0.00      0.00        13
        Mốt       0.00      0.00      0.00         1
        mót       0.00      0.00      0.00         3
        Môt       0.00      0.00      0.00         1
        mớt       0.00      0.00      0.00         1
        MộT       0.00      0.00      0.00         1

avg / total       0.99      0.99      0.99     29827
