             precision    recall  f1-score   support

         mù       0.94      0.90      0.92       245
         mụ       0.85      0.96      0.91       615
         Mụ       0.93      0.52      0.67       103
         mũ       0.92      0.71      0.81        84
         mủ       1.00      0.25      0.40         4
         mữ       0.00      0.00      0.00         1
         mu       0.86      0.86      0.86         7
         Mù       0.00      0.00      0.00         1
         Mũ       0.00      0.00      0.00         1

avg / total       0.88      0.88      0.87      1061
