             precision    recall  f1-score   support

        mưa       0.87      0.92      0.90       447
        mua       0.81      0.88      0.84       263
        múa       0.92      0.82      0.87       206
        Mưa       0.00      0.00      0.00        10
        Mùa       0.50      0.50      0.50         2
        mùa       0.92      0.83      0.87       111
        Mua       0.00      0.00      0.00         1
        mửa       1.00      0.44      0.62         9
        mưạ       0.00      0.00      0.00         3

avg / total       0.86      0.87      0.86      1052
