             precision    recall  f1-score   support

        mũi       0.93      0.97      0.95       774
        mùi       0.92      0.90      0.91       368
        Mũi       0.00      0.00      0.00         8
        mui       0.00      0.00      0.00         3
        mủi       0.00      0.00      0.00         1
        Mùi       0.67      0.50      0.57         4
        mụi       1.00      0.09      0.17        11
        Mụi       0.00      0.00      0.00         1
        muì       0.00      0.00      0.00         1

avg / total       0.92      0.93      0.92      1171
