             precision    recall  f1-score   support

       mươi       0.92      0.96      0.94       611
       muội       0.95      0.96      0.95      1430
       mười       0.92      0.96      0.94      1627
       muối       0.91      0.40      0.56        80
       Muội       0.69      0.48      0.56        23
       muỗi       1.00      0.31      0.48        16
       mườI       0.00      0.00      0.00         6
       muộI       0.00      0.00      0.00         6
       Mười       0.47      0.22      0.30        32
       muộị       0.00      0.00      0.00         1
       Mươi       0.00      0.00      0.00         2
       muơi       0.00      0.00      0.00         2
       muời       0.00      0.00      0.00         2
       muôi       1.00      1.00      1.00         2
       muồi       0.00      0.00      0.00         1
       MƯỜI       0.00      0.00      0.00         2
       Muỗi       0.00      0.00      0.00         0

avg / total       0.92      0.93      0.92      3844
