[[ 587    3   20    0    0    0    0    0    0    0    0    0    0    0
     0    0    1    0]
 [   6 1367   48    3    5    0    0    1    0    0    0    0    0    0
     0    0    0    0]
 [  35   29 1561    0    0    0    0    0    2    0    0    0    0    0
     0    0    0    0]
 [   3   20   25   32    0    0    0    0    0    0    0    0    0    0
     0    0    0    0]
 [   0    7    0    0   11    0    0    0    5    0    0    0    0    0
     0    0    0    0]
 [   0    6    5    0    0    5    0    0    0    0    0    0    0    0
     0    0    0    0]
 [   1    0    5    0    0    0    0    0    0    0    0    0    0    0
     0    0    0    0]
 [   0    6    0    0    0    0    0    0    0    0    0    0    0    0
     0    0    0    0]
 [   0    0   25    0    0    0    0    0    7    0    0    0    0    0
     0    0    0    0]
 [   0    1    0    0    0    0    0    0    0    0    0    0    0    0
     0    0    0    0]
 [   2    0    0    0    0    0    0    0    0    0    0    0    0    0
     0    0    0    0]
 [   2    0    0    0    0    0    0    0    0    0    0    0    0    0
     0    0    0    0]
 [   0    0    2    0    0    0    0    0    0    0    0    0    0    0
     0    0    0    0]
 [   0    0    0    0    0    0    0    0    0    0    0    0    0    2
     0    0    0    0]
 [   1    0    0    0    0    0    0    0    0    0    0    0    0    0
     0    0    0    0]
 [   0    0    2    0    0    0    0    0    0    0    0    0    0    0
     0    0    0    0]
 [   0    0    0    0    0    0    0    0    0    0    0    0    0    0
     0    0    0    0]
 [   0    0    0    0    0    0    0    0    1    0    0    0    0    0
     0    0    0    0]]