             precision    recall  f1-score   support

       muốn       0.95      0.99      0.97      4888
       muộn       0.95      0.83      0.88       143
       muôn       0.92      0.74      0.82       258
       mượn       0.82      0.57      0.67       340
       Muốn       0.95      0.66      0.78        53
       mướn       0.69      0.35      0.46        26
       Muôn       1.00      0.67      0.80         9
       Muộn       0.00      0.00      0.00         4
       muón       0.00      0.00      0.00         1

avg / total       0.94      0.94      0.94      5722
