             precision    recall  f1-score   support

         mỵ       0.84      0.95      0.89        22
         mỹ       0.92      0.99      0.95       691
         mỷ       1.00      0.20      0.33         5
         Mỹ       0.97      0.85      0.91       347
         Mỵ       0.00      0.00      0.00         1
         MỸ       0.00      0.00      0.00         1
         My       0.88      0.70      0.78        10
         my       0.00      0.00      0.00         3

avg / total       0.93      0.93      0.93      1080
