             precision    recall  f1-score   support

         na       1.00      0.93      0.96        81
         nạ       1.00      0.97      0.98        87
         nã       0.00      0.00      0.00         0
         nà       0.92      0.99      0.95        71
         Na       1.00      1.00      1.00         3
         Nã       0.84      0.98      0.91        44
         ná       1.00      0.25      0.40         4
         Nạ       1.00      1.00      1.00         7

avg / total       0.96      0.95      0.95       299
