             precision    recall  f1-score   support

        nãi       1.00      0.40      0.57         5
        nại       0.96      0.98      0.97        89
        nải       1.00      1.00      1.00        10
        nạI       0.00      0.00      0.00         3
        nài       0.33      1.00      0.50         3
        Nãi       1.00      1.00      1.00        17
        nai       1.00      0.50      0.67         2
        nái       0.00      0.00      0.00         1

avg / total       0.92      0.92      0.91       130
