[[2589   55   23   20   25    0    0    1    0    0    0    0    0    0
     0    0]
 [ 110  905   23   17   11    0    1    0    0    0    0    0    0    0
     0    0]
 [  63   25  991    4    5    0    0    0    0    0    0    0    0    0
     0    0]
 [  48   16    9  992   81    0    0    0    0    0    0    0    0    0
     0    0]
 [  53   10   11  122  701    0    0    0    0    0    0    0    0    0
     0    0]
 [   4    0    1    0    0    0    0    0    0    0    0    0    0    0
     0    0]
 [   1    1    1    0    0    0    0    1    0    0    0    0    0    0
     0    0]
 [  19    1    0    1    1    0    0   13    0    0    0    0    0    0
     0    0]
 [   0    0    1    0    0    0    0    0    0    0    0    0    0    0
     0    0]
 [   1    0    0    0    0    0    0    0    0    0    0    0    0    0
     0    0]
 [   1    0    0    0    0    0    0    0    0    0    0    0    0    0
     0    0]
 [   1    0    0    0    0    0    0    0    0    0    0    0    0    0
     0    0]
 [   1    0    0    0    0    0    0    0    0    0    0    0    0    0
     0    0]
 [   1    0    0    0    0    0    0    0    0    0    0    0    0    0
     0    0]
 [   2    0    0    1    0    0    0    0    0    0    0    0    0    0
     0    0]
 [   0    0    1    0    0    0    0    0    0    0    0    0    0    0
     0    0]]