             precision    recall  f1-score   support

        năm       0.89      0.95      0.92      2713
        nằm       0.89      0.85      0.87      1067
        nắm       0.93      0.91      0.92      1088
        Nam       0.86      0.87      0.86      1146
        nam       0.85      0.78      0.81       897
        nấm       0.00      0.00      0.00         5
        Nằm       0.00      0.00      0.00         4
        Năm       0.87      0.37      0.52        35
        Nắm       0.00      0.00      0.00         1
        Nậm       0.00      0.00      0.00         1
        NAM       0.00      0.00      0.00         1
        nàm       0.00      0.00      0.00         1
        nẩm       0.00      0.00      0.00         1
        NĂM       0.00      0.00      0.00         1
        nạm       0.00      0.00      0.00         3
        nám       0.00      0.00      0.00         1

avg / total       0.89      0.89      0.89      6965
