             precision    recall  f1-score   support

        nan       0.87      0.88      0.88        92
        nản       0.93      0.99      0.96        78
        nạn       0.88      0.93      0.91       165
        năn       0.97      0.99      0.98        85
        nàn       1.00      0.63      0.77        19
        Nạn       0.94      0.97      0.96       111
        nãn       0.00      0.00      0.00         1
        nán       1.00      0.83      0.91        12
        nần       1.00      0.80      0.89         5
        nắn       0.86      0.80      0.83        15
        Nan       1.00      0.75      0.86         8
        nặn       0.00      0.00      0.00         4
        nấn       1.00      1.00      1.00        10
        NẠN       0.00      0.00      0.00         1
        nằn       0.00      0.00      0.00         1
        Năn       0.00      0.00      0.00         2

avg / total       0.90      0.92      0.91       609
