[[ 81   2   9   0   0   0   0   0   0   0   0   0   0   0   0   0]
 [  1  77   0   0   0   0   0   0   0   0   0   0   0   0   0   0]
 [  3   0 154   0   0   6   0   0   0   2   0   0   0   0   0   0]
 [  0   0   1  84   0   0   0   0   0   0   0   0   0   0   0   0]
 [  6   0   1   0  12   0   0   0   0   0   0   0   0   0   0   0]
 [  0   0   3   0   0 108   0   0   0   0   0   0   0   0   0   0]
 [  0   1   0   0   0   0   0   0   0   0   0   0   0   0   0   0]
 [  0   1   1   0   0   0   0  10   0   0   0   0   0   0   0   0]
 [  0   1   0   0   0   0   0   0   4   0   0   0   0   0   0   0]
 [  0   0   3   0   0   0   0   0   0  12   0   0   0   0   0   0]
 [  0   0   1   0   0   1   0   0   0   0   6   0   0   0   0   0]
 [  2   1   1   0   0   0   0   0   0   0   0   0   0   0   0   0]
 [  0   0   0   0   0   0   0   0   0   0   0   0  10   0   0   0]
 [  0   0   1   0   0   0   0   0   0   0   0   0   0   0   0   0]
 [  0   0   0   1   0   0   0   0   0   0   0   0   0   0   0   0]
 [  0   0   0   2   0   0   0   0   0   0   0   0   0   0   0   0]]