[[ 439    0   46    8    1    0    1    0    0    0    0    0    0    0
     0    0    0    0]
 [   0    0    1    0    0    0    0    0    1    0    0    0    0    0
     0    0    0    0]
 [  16    0 4109   43   13    6    0    0    2    0    0    0    0    0
     0    0    0    0]
 [  11    0  132  361    6    1    1    0    0    0    0    0    0    0
     0    0    0    0]
 [   3    0   67    8  148    1    0    0    1    0    0    0    0    0
     0    0    0    0]
 [   0    0  102    0    0   75    0    1    0    0    0    0    0    0
     0    0    0    0]
 [   0    0    1    0    0    0   13    0    0    0    0    0    0    0
     0    0    0    0]
 [   0    0    1    0    0    0    0    8    1    0    0    0    0    0
     0    0    0    0]
 [   0    0   17    2    0    0    0    0   49    0    0    0    0    0
     0    0    0    0]
 [   0    0    4    0    0    0    0    0    0    1    0    0    0    0
     0    0    0    0]
 [   0    0    1    0    0    0    0    0    0    0    0    0    0    0
     0    0    0    0]
 [   0    0    3    0    0    0    0    0    0    0    0    2    0    0
     0    0    0    0]
 [   0    0    3    1    0    0    0    0    0    0    0    0    0    0
     0    0    0    0]
 [   0    0    0    2    0    0    0    0    0    0    0    0    0    0
     0    0    0    0]
 [   0    0    0    0    0    0    0    0    0    0    0    0    0    0
     4    0    0    0]
 [   0    0    1    0    0    0    0    0    0    0    0    0    0    0
     0    0    0    0]
 [   0    0    1    0    0    0    0    0    0    0    0    0    0    0
     0    0    0    0]
 [   0    0    1    0    0    0    0    0    0    0    0    0    0    0
     0    0    0    0]]