             precision    recall  f1-score   support

       năng       0.94      0.89      0.91       495
       Năng       0.00      0.00      0.00         2
       nàng       0.92      0.98      0.95      4189
       nặng       0.85      0.71      0.77       512
       nâng       0.88      0.65      0.75       228
       Nàng       0.90      0.42      0.57       178
       nang       0.87      0.93      0.90        14
       nằng       0.89      0.80      0.84        10
       nắng       0.91      0.72      0.80        68
       nấng       1.00      0.20      0.33         5
       nẫng       0.00      0.00      0.00         1
       Nang       1.00      0.40      0.57         5
       Nẵng       0.00      0.00      0.00         4
       Nặng       0.00      0.00      0.00         2
       nạng       1.00      1.00      1.00         4
       Nắng       0.00      0.00      0.00         1
       NÀNG       0.00      0.00      0.00         1
       Nạng       0.00      0.00      0.00         1

avg / total       0.91      0.91      0.90      5720
