             precision    recall  f1-score   support

        nào       0.99      1.00      0.99      6075
        não       0.96      0.78      0.86       148
        náo       0.97      0.92      0.94       286
        Nào       0.90      0.36      0.51        25
        nao       0.93      0.87      0.90        30
        nàỏ       0.00      0.00      0.00         1
        nàọ       0.00      0.00      0.00         6
        nảo       0.00      0.00      0.00         3
        Não       0.00      0.00      0.00         1
        nạo       0.00      0.00      0.00         1
        Náo       0.00      0.00      0.00         2

avg / total       0.98      0.99      0.98      6578
