[[6066    1    5    1    1    0    1    0    0    0    0]
 [  31  116    1    0    0    0    0    0    0    0    0]
 [  21    2  263    0    0    0    0    0    0    0    0]
 [  15    0    0    9    1    0    0    0    0    0    0]
 [   4    0    0    0   26    0    0    0    0    0    0]
 [   1    0    0    0    0    0    0    0    0    0    0]
 [   6    0    0    0    0    0    0    0    0    0    0]
 [   2    1    0    0    0    0    0    0    0    0    0]
 [   0    1    0    0    0    0    0    0    0    0    0]
 [   1    0    0    0    0    0    0    0    0    0    0]
 [   0    0    2    0    0    0    0    0    0    0    0]]