[[ 2701   215     0     0     4     0     0     0     1     0     0     0
      0     0     0]
 [  112 14175     7     7    48     5     0     0     0     0     0     1
      0     0     0]
 [    1    29   168     0     2     0    19     0     0     0     0     0
      0     0     0]
 [    0    10     0   368     0     0     0     0     0     0     0     0
      0     0     0]
 [    5   135     1     0   139     0     0     0     0     0     0     1
      0     0     0]
 [    1    40     0     2     0     0     0     0     0     0     0     0
      0     0     0]
 [    1    20    33     0     1     0    16     0     0     0     0     0
      0     0     0]
 [    1     5     0     0     0     0     0    15     0     3     0     0
      0     0     0]
 [    0     0     0     0     0     0     0     0    28     0     0     0
      0     0     0]
 [    3    14     0     0     0     1     0     4     0     4     0     0
      0     0     0]
 [    0     1     0     0     1     0     0     0     0     0     0     0
      0     0     0]
 [    0     7     0     0     0     0     0     0     0     0     0     0
      0     0     0]
 [    3     0     0     0     0     0     0     0     0     0     0     0
      0     0     0]
 [    1     2     0     0     0     0     0     0     0     0     0     0
      0     0     0]
 [    0     1     0     0     0     0     0     0     0     0     0     0
      0     0     0]]