             precision    recall  f1-score   support

        nay       0.95      0.92      0.94      2921
        này       0.97      0.99      0.98     14355
        nảy       0.80      0.77      0.79       219
        nấy       0.98      0.97      0.97       378
        nãy       0.71      0.49      0.58       281
        nầy       0.00      0.00      0.00        43
        nẩy       0.46      0.23      0.30        71
        Này       0.79      0.62      0.70        24
        náy       0.97      1.00      0.98        28
        Nay       0.57      0.15      0.24        26
        nẫy       0.00      0.00      0.00         2
        nàỵ       0.00      0.00      0.00         7
        naỵ       0.00      0.00      0.00         3
        nạy       0.00      0.00      0.00         3
        nây       0.00      0.00      0.00         1

avg / total       0.95      0.96      0.96     18362
