             precision    recall  f1-score   support

         nệ       1.00      0.82      0.90        17
         nể       0.93      0.94      0.94       153
         né       0.96      0.98      0.97       297
         nề       0.99      0.97      0.98        80
         nẻ       1.00      0.86      0.92         7
         nê       1.00      0.67      0.80         9
         Nê       1.00      1.00      1.00         1
         nễ       0.00      0.00      0.00         1
         nẽ       0.00      0.00      0.00         1

avg / total       0.95      0.95      0.95       566
