             precision    recall  f1-score   support

        nên       0.97      0.99      0.98      5634
        nén       0.89      0.77      0.83       283
        Nên       0.50      0.16      0.24        19
        nến       0.94      0.55      0.70        58
        nền       0.90      0.49      0.63        74
        nện       1.00      0.09      0.17        11
        nèn       0.00      0.00      0.00         1
        Nến       0.00      0.00      0.00         1
        NÊN       0.00      0.00      0.00         1

avg / total       0.97      0.97      0.96      6082
