             precision    recall  f1-score   support

        ngà       1.00      0.80      0.89        20
        ngã       0.87      0.95      0.91       495
        ngả       0.73      0.57      0.64       114
        Nga       0.93      0.86      0.89       105
        Ngã       1.00      0.99      0.99       301
        nga       1.00      0.90      0.95        51
        ngẩ       0.00      0.00      0.00         1
        Ngả       0.88      0.78      0.82         9
        NGả       0.00      0.00      0.00         1

avg / total       0.90      0.90      0.90      1097
