             precision    recall  f1-score   support

       ngấm       0.55      0.63      0.59       232
       ngầm       0.70      0.69      0.69       426
       ngâm       0.97      0.93      0.95       401
       ngắm       0.86      0.90      0.88       229
       ngậm       0.93      0.86      0.89        72
       ngẫm       0.96      0.91      0.93        97
       ngẩm       0.00      0.00      0.00        10
       Ngâm       0.00      0.00      0.00         1
       ngăm       1.00      0.40      0.57         5
       NGẦM       0.00      0.00      0.00         1

avg / total       0.80      0.79      0.79      1474
