             precision    recall  f1-score   support

       ngăn       0.86      0.88      0.87       396
       ngàn       0.91      0.93      0.92       873
       ngắn       0.81      0.85      0.83       180
       ngẩn       0.93      0.96      0.95       339
       Ngạn       0.98      0.99      0.98       288
       Ngân       1.00      0.57      0.73        14
       ngán       0.91      0.66      0.76        32
       ngân       0.87      0.83      0.85       206
       ngần       0.91      0.91      0.91       116
       ngạn       1.00      0.36      0.53        11
       ngấn       0.73      0.35      0.47        23
       Ngàn       0.00      0.00      0.00         4
       ngẫn       0.00      0.00      0.00         3
       ngận       0.00      0.00      0.00         1
       ngan       0.50      0.33      0.40         3
       Ngăn       0.00      0.00      0.00         1
       ngằn       0.00      0.00      0.00         1
       Ngán       0.00      0.00      0.00         1

avg / total       0.90      0.90      0.90      2492
