[[350  25   9   5   2   0   1   1   2   0   0   0   0   0   1   0   0   0]
 [ 20 814   9   9   2   0   0  15   3   0   0   1   0   0   0   0   0   0]
 [  9  11 153   1   1   0   0   4   0   0   1   0   0   0   0   0   0   0]
 [  2   6   2 326   0   0   0   1   1   0   0   0   1   0   0   0   0   0]
 [  1   1   0   0 284   0   1   1   0   0   0   0   0   0   0   0   0   0]
 [  0   1   1   3   0   8   0   0   0   0   0   1   0   0   0   0   0   0]
 [  4   1   3   2   0   0  21   0   1   0   0   0   0   0   0   0   0   0]
 [  9  15   8   1   0   0   0 170   1   0   2   0   0   0   0   0   0   0]
 [  2   7   1   0   0   0   0   1 105   0   0   0   0   0   0   0   0   0]
 [  2   3   0   0   0   0   0   0   2   4   0   0   0   0   0   0   0   0]
 [  4   6   1   0   0   0   0   3   1   0   8   0   0   0   0   0   0   0]
 [  0   3   0   0   1   0   0   0   0   0   0   0   0   0   0   0   0   0]
 [  0   0   0   3   0   0   0   0   0   0   0   0   0   0   0   0   0   0]
 [  0   0   1   0   0   0   0   0   0   0   0   0   0   0   0   0   0   0]
 [  1   1   0   0   0   0   0   0   0   0   0   0   0   0   1   0   0   0]
 [  1   0   0   0   0   0   0   0   0   0   0   0   0   0   0   0   0   0]
 [  0   1   0   0   0   0   0   0   0   0   0   0   0   0   0   0   0   0]
 [  1   0   0   0   0   0   0   0   0   0   0   0   0   0   0   0   0   0]]