             precision    recall  f1-score   support

       ngay       0.91      0.90      0.91      1490
       ngày       0.94      0.97      0.95      3249
       ngây       0.94      0.93      0.94       339
       ngáy       0.97      0.67      0.80        58
       Ngày       0.96      0.63      0.76       115
       Ngay       0.00      0.00      0.00        12
       ngaỵ       0.00      0.00      0.00         7
       ngấy       0.00      0.00      0.00         4
       ngầy       0.00      0.00      0.00         4
       NGÀY       0.00      0.00      0.00         3
       ngàỵ       0.00      0.00      0.00         1
       ngậy       0.00      0.00      0.00         1

avg / total       0.93      0.93      0.93      5283
