             precision    recall  f1-score   support

       nghe       0.98      1.00      0.99      5148
       Nghe       0.89      0.49      0.63        63
       nghệ       0.94      0.80      0.87       186
       nghé       0.00      0.00      0.00         9
       nghề       0.88      0.74      0.80       110
       nghê       1.00      0.33      0.50         3
       nghễ       0.94      1.00      0.97        16
       Nghệ       0.00      0.00      0.00         8
       nghể       0.00      0.00      0.00         1
       Nghê       1.00      0.25      0.40         8

avg / total       0.97      0.98      0.97      5552
