             precision    recall  f1-score   support

       nghị       0.89      0.89      0.89       346
       nghĩ       0.95      0.97      0.96      4274
       nghi       0.93      0.89      0.91       679
       nghỉ       0.74      0.69      0.71       334
       Nghi       0.96      0.93      0.95       436
       Nghĩ       0.94      0.25      0.40        59
       Nghị       1.00      0.38      0.55         8
       Nghỉ       0.00      0.00      0.00         2
       nghí       0.00      0.00      0.00         1
       NGHỊ       0.00      0.00      0.00         1

avg / total       0.93      0.93      0.93      6140
