             precision    recall  f1-score   support

        Ngô       0.96      0.94      0.95      1000
        ngộ       0.85      0.82      0.83       195
        ngờ       0.96      0.99      0.97      1952
        ngớ       0.72      0.49      0.58        43
        ngó       0.85      0.88      0.86       565
        ngõ       0.73      0.81      0.77       126
        ngỏ       0.78      0.64      0.71        28
        ngơ       0.93      0.96      0.94       229
        ngô       0.76      0.59      0.67        44
        ngọ       0.79      0.52      0.62        29
        ngo       0.00      0.00      0.00         1
        ngỡ       0.92      0.44      0.59        25
        Ngộ       0.92      0.69      0.79        16
        ngổ       0.00      0.00      0.00         1
        ngỗ       0.67      0.25      0.36         8
        Ngờ       0.00      0.00      0.00         4
        Ngó       0.00      0.00      0.00         2
        ngợ       0.00      0.00      0.00         1
        ngở       0.00      0.00      0.00         1
        Ngọ       0.43      0.33      0.38         9
        Ngo       0.00      0.00      0.00         1
        NGÔ       0.00      0.00      0.00         1
        ngồ       0.00      0.00      0.00         1
        ngố       0.50      1.00      0.67         1

avg / total       0.92      0.92      0.92      4283
