[[ 945    7   14    0   17   10    2    1    3    0    0    0    1    0
     0    0    0    0    0    0    0    0    0    0]
 [   8  160    5    1   13    4    0    1    1    1    0    0    0    0
     1    0    0    0    0    0    0    0    0    0]
 [   0    8 1923    0   16    2    0    0    0    0    0    1    0    0
     0    1    0    1    0    0    0    0    0    0]
 [   0    1    0   21    8    1    0   12    0    0    0    0    0    0
     0    0    0    0    0    0    0    0    0    0]
 [  12    4   36    4  497    8    0    1    2    1    0    0    0    0
     0    0    0    0    0    0    0    0    0    0]
 [   3    2    4    0   11  102    3    1    0    0    0    0    0    0
     0    0    0    0    0    0    0    0    0    0]
 [   2    0    1    0    1    5   18    0    1    0    0    0    0    0
     0    0    0    0    0    0    0    0    0    0]
 [   2    1    1    3    2    0    0  220    0    0    0    0    0    0
     0    0    0    0    0    0    0    0    0    0]
 [   3    2    3    0    4    4    0    1   26    0    0    0    0    0
     0    0    0    0    0    0    0    0    0    1]
 [   1    2    3    0    2    1    0    0    1   15    0    0    0    0
     0    0    0    0    0    4    0    0    0    0]
 [   0    0    0    0    1    0    0    0    0    0    0    0    0    0
     0    0    0    0    0    0    0    0    0    0]
 [   1    1    1    0   10    1    0    0    0    0    0   11    0    0
     0    0    0    0    0    0    0    0    0    0]
 [   2    0    0    0    2    1    0    0    0    0    0    0   11    0
     0    0    0    0    0    0    0    0    0    0]
 [   1    0    0    0    0    0    0    0    0    0    0    0    0    0
     0    0    0    0    0    0    0    0    0    0]
 [   3    1    0    0    2    0    0    0    0    0    0    0    0    0
     2    0    0    0    0    0    0    0    0    0]
 [   0    0    4    0    0    0    0    0    0    0    0    0    0    0
     0    0    0    0    0    0    0    0    0    0]
 [   0    0    2    0    0    0    0    0    0    0    0    0    0    0
     0    0    0    0    0    0    0    0    0    0]
 [   0    0    1    0    0    0    0    0    0    0    0    0    0    0
     0    0    0    0    0    0    0    0    0    0]
 [   0    0    0    0    1    0    0    0    0    0    0    0    0    0
     0    0    0    0    0    0    0    0    0    0]
 [   1    0    1    0    1    1    0    0    0    2    0    0    0    0
     0    0    0    0    0    3    0    0    0    0]
 [   1    0    0    0    0    0    0    0    0    0    0    0    0    0
     0    0    0    0    0    0    0    0    0    0]
 [   1    0    0    0    0    0    0    0    0    0    0    0    0    0
     0    0    0    0    0    0    0    0    0    0]
 [   0    0    1    0    0    0    0    0    0    0    0    0    0    0
     0    0    0    0    0    0    0    0    0    0]
 [   0    0    0    0    0    0    0    0    0    0    0    0    0    0
     0    0    0    0    0    0    0    0    0    1]]