             precision    recall  f1-score   support

      ngoại       0.87      0.77      0.82       520
      ngoài       0.94      0.98      0.96      3042
      ngoái       0.91      0.62      0.73        47
      Ngoài       0.67      0.19      0.29        32
      Ngoại       0.77      0.31      0.44        32
      ngoai       0.00      0.00      0.00         2
      ngoàị       0.00      0.00      0.00         2
      ngọai       0.00      0.00      0.00         2
      ngòai       0.00      0.00      0.00         7
      ngoạI       0.00      0.00      0.00         3
      Ngọai       0.00      0.00      0.00         1
      ngoaì       0.00      0.00      0.00         1

avg / total       0.92      0.93      0.92      3691
