[[ 402  117    0    0    1    0    0    0    0    0    0    0]
 [  44 2989    3    2    1    0    0    0    3    0    0    0]
 [   1   17   29    0    0    0    0    0    0    0    0    0]
 [   0   25    0    6    1    0    0    0    0    0    0    0]
 [  12    9    0    1   10    0    0    0    0    0    0    0]
 [   0    2    0    0    0    0    0    0    0    0    0    0]
 [   0    2    0    0    0    0    0    0    0    0    0    0]
 [   1    1    0    0    0    0    0    0    0    0    0    0]
 [   0    7    0    0    0    0    0    0    0    0    0    0]
 [   3    0    0    0    0    0    0    0    0    0    0    0]
 [   0    1    0    0    0    0    0    0    0    0    0    0]
 [   0    1    0    0    0    0    0    0    0    0    0    0]]