[[ 129    3    0   27    0    0    0    0    0    0    0    0    0    0
     0    0    0    1    0    0]
 [   1 2411   16    1    2    3    0    1    2    0    0    0    0    1
     1    1    0    0    0    0]
 [   2   49  298    0    2    1    0    0    0    0    0    0    0    0
     0    0    0    0    0    0]
 [  14    9    0  103    0    0    0    0    0    0    0    0    0    0
     0    0    0    0    0    0]
 [   0   15    0    0   47    0    0    0    0    0    0    0    0    0
     0    0    0    0    0    0]
 [   1   17    0    0    0   26    0    0    0    0    0    0    0    0
     0    0    0    0    0    0]
 [   0   10    0    0    0    0    7    0    0    0    0    0    0    0
     0    0    0    0    0    0]
 [   0   14    0    0    0    0    0    0    0    0    0    0    0    0
     0    0    0    0    0    0]
 [   0   15    0    0    0    0    0    0    4    0    0    0    0    0
     0    0    0    0    0    0]
 [   0    1    2    0    0    0    1    0    0    0    0    0    0    0
     0    0    0    0    0    0]
 [   0    7    0    0    0    0    0    0    0    0    1    0    0    0
     0    0    0    0    0    0]
 [   0    1    0    0    0    0    0    0    0    0    0    0    0    0
     0    0    0    0    0    0]
 [   1    0    0    0    0    0    0    0    0    0    0    0    0    0
     0    0    0    0    0    0]
 [   0    0    0    0    0    0    0    0    0    0    0    0    0    0
     0    0    0    0    0    0]
 [   0    0    0    0    0    0    0    0    0    0    0    0    0    0
     0    0    0    0    0    0]
 [   0    0    0    0    0    0    0    0    0    0    0    0    0    0
     0    0    0    0    0    0]
 [   0    0    0    0    2    0    0    0    0    0    0    0    0    0
     0    0    0    0    0    0]
 [   0    0    0    0    0    0    0    0    0    0    0    0    0    0
     0    0    0    0    0    0]
 [   0    1    0    0    0    0    0    0    0    0    0    0    0    0
     0    0    0    0    0    0]
 [   0    1    0    0    0    0    0    0    0    0    0    0    0    0
     0    0    0    0    0    0]]