             precision    recall  f1-score   support

       ngợi       0.87      0.81      0.84       160
       ngồi       0.94      0.99      0.97      2440
       ngôi       0.94      0.85      0.89       352
       ngơi       0.79      0.82      0.80       126
       ngói       0.89      0.76      0.82        62
       ngời       0.87      0.59      0.70        44
       Ngồi       0.88      0.41      0.56        17
       ngồI       0.00      0.00      0.00        14
       ngòi       0.67      0.21      0.32        19
       Ngôi       0.00      0.00      0.00         4
       ngoi       1.00      0.12      0.22         8
       ngọi       0.00      0.00      0.00         1
       ngợI       0.00      0.00      0.00         1
       ngóị       0.00      0.00      0.00         0
       Ngòi       0.00      0.00      0.00         0
       NgồI       0.00      0.00      0.00         0

avg / total       0.92      0.93      0.92      3252
