             precision    recall  f1-score   support

       ngôn       0.94      0.93      0.94       227
       ngon       0.91      0.85      0.88       146
       ngón       0.98      0.95      0.96       426
       ngọn       0.91      0.97      0.94       711
       Ngon       1.00      0.80      0.89         5
       Ngọn       0.00      0.00      0.00        11
       Ngôn       0.96      0.90      0.93       120
       ngổn       1.00      1.00      1.00        26
       Ngón       0.00      0.00      0.00         3
       ngòn       1.00      0.25      0.40         4
       ngồn       0.00      0.00      0.00         1
       ngộn       0.00      0.00      0.00         1
       ngốn       0.00      0.00      0.00         1

avg / total       0.93      0.93      0.93      1682
