[[211   4   1   9   0   0   2   0   0   0   0   0   0]
 [  4 124   2  15   0   1   0   0   0   0   0   0   0]
 [  0   0 405  20   0   0   1   0   0   0   0   0   0]
 [  7   6   3 693   0   0   2   0   0   0   0   0   0]
 [  0   0   0   1   4   0   0   0   0   0   0   0   0]
 [  0   0   0  11   0   0   0   0   0   0   0   0   0]
 [  2   0   0  10   0   0 108   0   0   0   0   0   0]
 [  0   0   0   0   0   0   0  26   0   0   0   0   0]
 [  0   0   1   2   0   0   0   0   0   0   0   0   0]
 [  0   2   1   0   0   0   0   0   0   1   0   0   0]
 [  0   0   1   0   0   0   0   0   0   0   0   0   0]
 [  0   0   0   1   0   0   0   0   0   0   0   0   0]
 [  0   0   0   1   0   0   0   0   0   0   0   0   0]]