             precision    recall  f1-score   support

        ngự       0.72      0.65      0.68       270
        Ngự       0.51      0.67      0.57        75
        ngũ       0.75      0.65      0.70       236
        ngư       0.85      0.75      0.79        83
        ngu       0.90      0.80      0.84       171
        ngủ       0.80      0.94      0.86       575
        ngữ       0.89      0.86      0.87       216
        ngừ       0.96      0.99      0.97        74
        Ngũ       0.91      0.93      0.92       545
        Ngu       0.80      0.70      0.74        23
        ngụ       0.69      0.50      0.58        44
        ngứ       1.00      1.00      1.00         1
        Ngủ       0.00      0.00      0.00         6
        Ngữ       0.00      0.00      0.00         3
        Ngư       0.60      0.17      0.26        18
        Ngụ       0.00      0.00      0.00         1

avg / total       0.82      0.82      0.82      2341
