[[176  42   5   1   3  31   1   0   7   0   4   0   0   0   0   0]
 [ 19  50   0   0   0   2   1   0   2   0   0   0   0   0   1   0]
 [ 13   2 154   2   2  36   5   0  21   1   0   0   0   0   0   0]
 [  2   0   1  62   0   7   7   0   3   0   0   0   0   0   1   0]
 [  8   2   4   2 136  16   1   0   2   0   0   0   0   0   0   0]
 [  3   1  13   1   3 538   6   0   5   0   5   0   0   0   0   0]
 [  4   2   5   0   1  14 185   1   3   0   1   0   0   0   0   0]
 [  0   0   0   0   0   1   0  73   0   0   0   0   0   0   0   0]
 [  3   0  21   1   2  12   0   0 505   0   0   0   1   0   0   0]
 [  0   0   1   0   2   2   0   0   2  16   0   0   0   0   0   0]
 [ 16   0   0   0   0   6   0   0   0   0  22   0   0   0   0   0]
 [  0   0   0   0   0   0   0   0   0   0   0   1   0   0   0   0]
 [  0   0   0   0   0   4   0   0   2   0   0   0   0   0   0   0]
 [  0   0   1   0   0   1   1   0   0   0   0   0   0   0   0   0]
 [  1   0   0   4   2   1   2   2   0   3   0   0   0   0   3   0]
 [  0   0   1   0   0   0   0   0   0   0   0   0   0   0   0   0]]