             precision    recall  f1-score   support

       ngựa       0.96      0.99      0.98      1309
       ngửa       0.93      0.92      0.92       248
       ngứa       0.92      0.69      0.79        64
       ngừa       1.00      0.48      0.65        27
       Ngựa       1.00      0.43      0.60         7
       ngữa       0.00      0.00      0.00         6
       Ngửa       0.00      0.00      0.00         1
       ngụa       1.00      0.40      0.57         5
       NGựA       0.00      0.00      0.00         1

avg / total       0.95      0.95      0.95      1668
