             precision    recall  f1-score   support

      người       0.92      0.95      0.93     23145
      ngươi       0.75      0.71      0.73      5713
      Ngươi       0.90      0.85      0.88      1119
      Người       0.79      0.43      0.55       414
      nguôi       0.86      0.38      0.52        16
      ngưòi       0.00      0.00      0.00        24
      ngưoi       0.00      0.00      0.00         7
      nguời       0.00      0.00      0.00        16
      ngườI       0.00      0.00      0.00        92
      ngưởi       0.00      0.00      0.00         4
      ngườị       0.00      0.00      0.00         2
      Nguơi       0.00      0.00      0.00         1
      nguội       0.67      0.27      0.38        15
      ngưỡi       0.00      0.00      0.00         1
      ngươI       0.00      0.00      0.00         1
      ngưới       0.00      0.00      0.00         6
      ngừời       0.00      0.00      0.00         1
      ngừơi       0.00      0.00      0.00         2
      nguơi       0.00      0.00      0.00         1
      ngừoi       0.00      0.00      0.00         1
      ngườì       0.00      0.00      0.00         1
      Ngươì       0.00      0.00      0.00         1
      NGƯờI       0.00      0.00      0.00         1
      ngượi       0.00      0.00      0.00         2
      NGƯỜI       0.00      0.00      0.00         4
      ngươị       0.00      0.00      0.00         1

avg / total       0.88      0.88      0.88     30591
