             precision    recall  f1-score   support

        Nhã       0.99      0.96      0.98       716
        nhã       0.88      0.78      0.82       175
        nhà       0.94      0.99      0.96      2592
        nha       0.86      0.75      0.80       132
        Nhà       0.79      0.49      0.61        93
        nhả       0.85      0.54      0.66        41
        Nha       0.85      0.74      0.79        31
        nhá       0.00      0.00      0.00         4
        nhă       0.00      0.00      0.00         1

avg / total       0.94      0.94      0.94      3785
