             precision    recall  f1-score   support

       nhắm       0.79      0.73      0.76       355
       nhẩm       0.92      0.80      0.85        59
       nhằm       0.72      0.80      0.76       327
       nhầm       0.75      0.60      0.67        68
       Nhậm       0.93      0.98      0.96       579
       nhấm       0.50      0.57      0.53         7
       nham       0.97      0.90      0.93        92
       nhàm       0.67      0.67      0.67         3
       nhảm       0.65      0.65      0.65        20
       nhậm       0.86      0.75      0.80        16
       nhâm       0.00      0.00      0.00         1
       Nhâm       0.93      0.59      0.72        22
       nhăm       0.00      0.00      0.00         2
       nhám       0.00      0.00      0.00         1
       Nham       0.00      0.00      0.00         1
       Nhảm       0.00      0.00      0.00         1
       Nhấm       0.00      0.00      0.00         1

avg / total       0.84      0.84      0.84      1555
