             precision    recall  f1-score   support

       Nhân       0.79      0.63      0.70       863
       nhân       0.94      0.97      0.95      9087
       nhãn       0.87      0.68      0.76       226
       nhận       0.93      0.92      0.93      1599
       nhàn       0.87      0.83      0.85       145
       nhẫn       0.94      0.89      0.91       262
       Nhạn       0.97      0.96      0.97       304
       nhan       0.87      0.84      0.85       134
       nhăn       0.97      0.86      0.92       170
       Nhan       0.89      0.83      0.86        41
       nhắn       0.96      0.69      0.81        36
       nhấn       0.92      0.64      0.75        36
       Nhận       0.00      0.00      0.00         9
       nhạn       1.00      0.20      0.33        15
       Nhàn       0.99      1.00      0.99        88
       nhằn       1.00      0.17      0.29         6
       nhẵn       1.00      0.54      0.70        13
       nhặn       0.86      0.75      0.80         8
       Nhãn       0.77      0.56      0.65        18
       nhẩn       0.00      0.00      0.00         3
       nhẨn       0.00      0.00      0.00         0
       nhán       1.00      1.00      1.00         1
       NHÂN       0.00      0.00      0.00         1
       Nhẫn       0.00      0.00      0.00         3
       nhản       1.00      0.33      0.50         3

avg / total       0.92      0.93      0.92     13072
