[[ 547  299    2    9    2    1    0    1    1    0    0    0    0    0
     0    0    0    0    1    0    0    0    0    0    0    0]
 [ 136 8847   11   58   10   12    0    9    0    2    0    0    0    0
     0    0    0    0    0    0    1    0    0    0    0    1]
 [   4   56  154    2    1    1    0    5    0    0    0    0    0    0
     0    0    0    1    2    0    0    0    0    0    0    0]
 [   4  115    3 1472    1    0    1    1    1    0    0    1    0    0
     0    0    0    0    0    0    0    0    0    0    0    0]
 [   2   18    0    5  120    0    0    0    0    0    0    0    0    0
     0    0    0    0    0    0    0    0    0    0    0    0]
 [   0   23    0    4    1  232    0    0    0    0    0    0    0    0
     0    0    0    0    0    2    0    0    0    0    0    0]
 [   1    8    0    4    0    0  291    0    0    0    0    0    0    0
     0    0    0    0    0    0    0    0    0    0    0    0]
 [   0   16    0    2    0    0    0  112    0    2    1    0    0    0
     0    0    0    0    0    0    0    0    0    0    0    1]
 [   0   17    2    4    0    0    0    0  147    0    0    0    0    0
     0    0    0    0    0    0    0    0    0    0    0    0]
 [   0    5    0    2    0    0    0    0    0   34    0    0    0    0
     0    0    0    0    0    0    0    0    0    0    0    0]
 [   0    6    0    3    0    0    0    0    1    0   25    0    0    0
     1    0    0    0    0    0    0    0    0    0    0    0]
 [   0   11    0    1    0    0    0    0    1    0    0   23    0    0
     0    0    0    0    0    0    0    0    0    0    0    0]
 [   0    2    0    7    0    0    0    0    0    0    0    0    0    0
     0    0    0    0    0    0    0    0    0    0    0    0]
 [   0    4    0    1    0    0    6    0    0    0    0    1    0    3
     0    0    0    0    0    0    0    0    0    0    0    0]
 [   0    0    0    0    0    0    0    0    0    0    0    0    0    0
    88    0    0    0    0    0    0    0    0    0    0    0]
 [   0    5    0    0    0    0    0    0    0    0    0    0    0    0
     0    1    0    0    0    0    0    0    0    0    0    0]
 [   0    4    0    0    2    0    0    0    0    0    0    0    0    0
     0    0    7    0    0    0    0    0    0    0    0    0]
 [   0    2    0    0    0    0    0    0    0    0    0    0    0    0
     0    0    0    6    0    0    0    0    0    0    0    0]
 [   0    2    5    0    0    0    1    0    0    0    0    0    0    0
     0    0    0    0   10    0    0    0    0    0    0    0]
 [   0    0    0    0    1    2    0    0    0    0    0    0    0    0
     0    0    0    0    0    0    0    0    0    0    0    0]
 [   0    0    0    0    0    0    0    0    0    0    0    0    0    0
     0    0    0    0    0    0    0    0    0    0    0    0]
 [   0    0    0    0    0    0    0    0    0    0    0    0    0    0
     0    0    0    0    0    0    0    1    0    0    0    0]
 [   0    0    0    1    0    0    0    0    0    0    0    0    0    0
     0    0    0    0    0    0    0    0    0    0    0    0]
 [   0    3    0    0    0    0    0    0    0    0    0    0    0    0
     0    0    0    0    0    0    0    0    0    0    0    0]
 [   0    2    0    0    0    0    0    0    0    0    0    0    0    0
     0    0    0    0    0    0    0    0    0    0    1    0]
 [   0    0    0    0    0    0    0    1    0    0    0    0    0    0
     0    0    0    0    0    0    0    0    0    0    0    0]]