             precision    recall  f1-score   support

       nhất       0.96      0.99      0.97      4757
       Nhất       0.97      0.91      0.94       908
       nhạt       0.96      0.93      0.94       279
       nhật       0.79      0.53      0.63        72
       nhát       0.91      0.88      0.89       167
       nhặt       0.89      0.52      0.66        79
       nhắt       0.83      0.71      0.77         7
       Nhật       0.89      0.74      0.81        97
       Nhât       0.00      0.00      0.00         2
       Nhát       0.00      0.00      0.00         2
       NHấT       0.00      0.00      0.00         1
       nhẳt       0.00      0.00      0.00         1

avg / total       0.95      0.96      0.95      6372
