[[4706   23    9    3   10    3    1    2    0    0    0    0]
 [  72  829    0    1    4    0    0    2    0    0    0    0]
 [  18    0  260    0    1    0    0    0    0    0    0    0]
 [  27    0    2   38    0    1    0    4    0    0    0    0]
 [  18    0    1    0  147    1    0    0    0    0    0    0]
 [  37    1    0    0    0   41    0    0    0    0    0    0]
 [   2    0    0    0    0    0    5    0    0    0    0    0]
 [  17    2    0    6    0    0    0   72    0    0    0    0]
 [   0    1    0    0    0    0    0    1    0    0    0    0]
 [   0    2    0    0    0    0    0    0    0    0    0    0]
 [   0    1    0    0    0    0    0    0    0    0    0    0]
 [   1    0    0    0    0    0    0    0    0    0    0    0]]