             precision    recall  f1-score   support

       nhảy       0.92      0.97      0.95      1118
       nháy       0.98      0.97      0.98       290
       nhãy       0.31      0.12      0.18        40
       nhầy       1.00      0.50      0.67         4
       nhẩy       0.00      0.00      0.00        40
       Nhảy       0.00      0.00      0.00         2
       nhạy       1.00      0.80      0.89        41
       nhay       0.00      0.00      0.00         1
       nhày       0.00      0.00      0.00         1

avg / total       0.89      0.92      0.90      1537
