             precision    recall  f1-score   support

        nhị       0.83      0.92      0.87       525
        Nhi       0.95      0.97      0.96      1184
        nhi       0.88      0.89      0.88       624
        nhĩ       0.62      0.65      0.64        23
        nhì       0.58      0.42      0.49        26
        Nhị       0.80      0.58      0.67       156
        Nhĩ       0.97      0.84      0.90       199
        nhỉ       1.00      0.10      0.18        10
        nhí       1.00      0.62      0.76        13

avg / total       0.90      0.90      0.89      2760
