             precision    recall  f1-score   support

        nhỏ       0.89      0.93      0.91      2030
        nhớ       0.85      0.90      0.88      1259
        nhờ       0.76      0.71      0.73       454
        nhơ       1.00      0.31      0.47        26
        nhợ       0.00      0.00      0.00         2
        nhở       0.99      0.94      0.96        77
        nhổ       0.77      0.34      0.47        68
        nhô       0.94      0.83      0.88        59
        nhọ       1.00      0.50      0.67         2
        nho       0.71      0.68      0.70       113
        nhó       0.92      0.87      0.89        39
        Nhớ       0.33      0.07      0.11        15
        Nhờ       0.83      0.45      0.59        11
        Nho       1.00      0.38      0.55        16
        nhỡ       0.00      0.00      0.00        10
        nhố       0.80      0.50      0.62         8
        Nhỏ       0.00      0.00      0.00         2
        NHỏ       0.00      0.00      0.00         1
        Nhổ       0.33      1.00      0.50         1
        NHỚ       0.00      0.00      0.00         1
        nhò       0.00      0.00      0.00         1
        nhõ       0.00      0.00      0.00         1

avg / total       0.86      0.86      0.85      4196
