[[1882   87   27    0    0    1    5    1    0   25    0    0    0    0
     1    1    0    0    0    0    0    0]
 [  74 1133   48    0    0    0    2    0    0    2    0    0    0    0
     0    0    0    0    0    0    0    0]
 [  70   62  321    0    0    0    0    0    0    1    0    0    0    0
     0    0    0    0    0    0    0    0]
 [   9    7    2    8    0    0    0    0    0    0    0    0    0    0
     0    0    0    0    0    0    0    0]
 [   0    2    0    0    0    0    0    0    0    0    0    0    0    0
     0    0    0    0    0    0    0    0]
 [   0    1    0    0    0   72    0    0    0    1    3    0    0    0
     0    0    0    0    0    0    0    0]
 [  22   10   10    0    0    0   23    1    0    0    0    0    0    0
     0    0    0    0    2    0    0    0]
 [   8    1    1    0    0    0    0   49    0    0    0    0    0    0
     0    0    0    0    0    0    0    0]
 [   1    0    0    0    0    0    0    0    1    0    0    0    0    0
     0    0    0    0    0    0    0    0]
 [  27    5    4    0    0    0    0    0    0   77    0    0    0    0
     0    0    0    0    0    0    0    0]
 [   3    1    1    0    0    0    0    0    0    0   34    0    0    0
     0    0    0    0    0    0    0    0]
 [   1   12    0    0    0    0    0    0    0    0    0    1    1    0
     0    0    0    0    0    0    0    0]
 [   2    1    2    0    0    0    0    0    0    0    0    1    5    0
     0    0    0    0    0    0    0    0]
 [   4    0    4    0    0    0    0    0    0    2    0    0    0    6
     0    0    0    0    0    0    0    0]
 [   5    5    0    0    0    0    0    0    0    0    0    0    0    0
     0    0    0    0    0    0    0    0]
 [   3    0    0    0    0    0    0    1    0    0    0    0    0    0
     0    4    0    0    0    0    0    0]
 [   2    0    0    0    0    0    0    0    0    0    0    0    0    0
     0    0    0    0    0    0    0    0]
 [   0    0    0    0    0    0    0    0    0    0    0    1    0    0
     0    0    0    0    0    0    0    0]
 [   0    0    0    0    0    0    0    0    0    0    0    0    0    0
     0    0    0    0    1    0    0    0]
 [   1    0    0    0    0    0    0    0    0    0    0    0    0    0
     0    0    0    0    0    0    0    0]
 [   0    0    1    0    0    0    0    0    0    0    0    0    0    0
     0    0    0    0    0    0    0    0]
 [   1    0    0    0    0    0    0    0    0    0    0    0    0    0
     0    0    0    0    0    0    0    0]]