[[111   0   3   1   0   0   0   0   0   0   0]
 [  8   5   1   0   0   0   0   0   0   0   0]
 [  5   0  11   5   0   0   0   0   0   0   0]
 [  2   0   6  11   1   1   0   0   0   0   0]
 [  0   0   0   1  20   0   0   0   0   0   0]
 [  0   0   0   1   0  27   0   0   0   0   0]
 [  0   0   0   0   0   0  11   0   0   0   0]
 [  2   0   0   0   0   0   0   0   0   0   0]
 [  0   0   0   0   0   0   0   0   1   0   0]
 [  0   0   1   0   0   0   0   0   0   0   0]
 [  1   0   0   0   0   0   0   0   0   0   0]]