             precision    recall  f1-score   support

       nhóm       0.86      0.97      0.91       115
       nhòm       1.00      0.36      0.53        14
       nhổm       0.50      0.52      0.51        21
       nhỏm       0.58      0.52      0.55        21
       nhom       0.95      0.95      0.95        21
       nhõm       0.96      0.96      0.96        28
       nhồm       1.00      1.00      1.00        11
       nhôm       0.00      0.00      0.00         2
       nhộm       1.00      1.00      1.00         1
       nhỗm       0.00      0.00      0.00         1
       nhơm       0.00      0.00      0.00         1

avg / total       0.82      0.83      0.82       236
