             precision    recall  f1-score   support

       nhộn       0.84      0.77      0.80        82
       nhón       0.57      0.57      0.57         7
       nhơn       1.00      0.91      0.95        32
       nhờn       0.91      1.00      0.95        10
       nhọn       0.81      0.95      0.88        78
       Nhỡn       0.00      0.00      0.00         3
       nhốn       0.47      0.80      0.59        20
       nhớn       0.50      0.50      0.50         2
       nhởn       0.40      0.33      0.36         6
       nhỡn       0.50      0.12      0.20         8
       nhôn       0.00      0.00      0.00         2
       nhon       0.00      0.00      0.00         1
       Nhộn       0.00      0.00      0.00         3
       nhòn       0.00      0.00      0.00         1
       nhồn       0.00      0.00      0.00         1

avg / total       0.76      0.78      0.76       256
