[[15819    18    10     9    22     0     0     0     1     0     0     0
      0]
 [   56   373     0     0     0     0     0     0     0     0     0     0
      0]
 [   21     0   189     1     0     0     0     0     0     0     0     0
      0]
 [   28     6     2   190     0     0     0     0     0     0     0     0
      0]
 [   94     0     0     2   124     0     0     0     0     0     0     0
      0]
 [    3     0     0     0     1     4     0     0     0     0     0     0
      0]
 [    7     0     0     0     0     0     1     0     0     0     0     0
      0]
 [    8     1     0     0     0     0     0     0     0     0     0     0
      0]
 [    2     0     0     0     0     0     0     0     0     0     0     0
      0]
 [    3     0     0     1     0     0     0     0     0     1     0     0
      0]
 [    1     0     0     0     0     0     0     0     0     0     0     0
      0]
 [    1     0     0     0     0     0     0     0     0     0     0     0
      0]
 [    1     0     0     0     0     0     0     0     0     0     0     0
      0]]