             precision    recall  f1-score   support

        như       0.99      1.00      0.99     15879
        Như       0.94      0.87      0.90       429
        nhủ       0.94      0.90      0.92       211
        Nhu       0.94      0.84      0.89       226
        nhu       0.84      0.56      0.68       220
        nhừ       1.00      0.50      0.67         8
        nhử       1.00      0.12      0.22         8
        nhũ       0.00      0.00      0.00         9
        nhữ       0.00      0.00      0.00         2
        Nhữ       1.00      0.20      0.33         5
        nhứ       0.00      0.00      0.00         1
        nhự       0.00      0.00      0.00         1
        NHƯ       0.00      0.00      0.00         1

avg / total       0.98      0.98      0.98     17000
