[[7496  545    1    2   10    2    0    0    0    0    0    0]
 [ 501 6416    2    4    2    0    0    0    0    0    0    0]
 [  10   64  121    0   29    0    0    0    0    0    0    0]
 [   4    8    0   42    0    0    0    0    0    0    0    0]
 [ 107   22   34    1  148    0    0    0    0    0    0    0]
 [  11    9    0    0    0   11    0    0    0    0    0    0]
 [   5    4    0    0    0    0    0    0    0    0    0    0]
 [   4    0    0    0    1    0    0    0    0    0    0    0]
 [   0    1    0    0    0    0    0    0    0    0    0    0]
 [   0    1    0    0    0    0    0    0    0    0    0    0]
 [   1    0    0    0    0    0    0    0    0    0    0    0]
 [   1    0    0    0    0    0    0    0    0    0    0    0]]