             precision    recall  f1-score   support

         nó       0.85      0.95      0.89      1272
         nỗ       0.88      0.93      0.90        15
         nở       0.95      0.90      0.93       328
         Nó       0.20      0.03      0.06        29
         nộ       0.95      0.88      0.91       178
         nô       0.94      0.95      0.95       521
         nỡ       0.86      0.83      0.84        82
         nổ       0.85      0.79      0.82       205
         nợ       0.82      0.66      0.73       120
         no       0.84      0.67      0.74        48
         Nô       0.88      0.86      0.87       114
         nỏ       0.58      0.50      0.54        22
         nọ       0.76      0.52      0.62       125
         NÔ       0.25      0.20      0.22         5
         Nộ       1.00      0.92      0.96        24
         Nở       1.00      0.25      0.40         4
         nõ       0.00      0.00      0.00         1
         Nỗ       0.00      0.00      0.00         1

avg / total       0.87      0.87      0.87      3094
