[[1205    2    5    1    1    8    3   13    6    4    2    5   17    0
     0    0    0    0    0]
 [   0   14    0    0    0    0    0    0    0    0    0    1    0    0
     0    0    0    0    0]
 [  18    0  295    0    2    1    4    3    2    0    0    2    1    0
     0    0    0    0    0]
 [  20    0    0    1    0    0    0    1    0    0    7    0    0    0
     0    0    0    0    0]
 [  14    0    0    1  157    0    1    3    1    0    0    0    1    0
     0    0    0    0    0]
 [  14    0    1    1    1  497    1    2    1    0    1    0    2    0
     0    0    0    0    0]
 [  11    0    1    0    0    0   68    0    2    0    0    0    0    0
     0    0    0    0    0]
 [  37    0    3    0    1    1    0  161    1    1    0    0    0    0
     0    0    0    0    0]
 [  36    0    1    0    2    1    1    0   79    0    0    0    0    0
     0    0    0    0    0]
 [  12    0    0    0    0    1    1    1    1   32    0    0    0    0
     0    0    0    0    0]
 [   0    0    0    0    0   13    0    0    0    0   98    0    0    3
     0    0    0    0    0]
 [   6    0    0    0    0    1    0    4    0    0    0   11    0    0
     0    0    0    0    0]
 [  49    0    2    1    1    2    0    1    3    1    0    0   65    0
     0    0    0    0    0]
 [   0    0    0    0    0    1    0    0    0    0    3    0    0    1
     0    0    0    0    0]
 [   1    0    0    0    1    0    0    0    0    0    0    0    0    0
    22    0    0    0    0]
 [   2    0    1    0    0    0    0    0    0    0    0    0    0    0
     0    1    0    0    0]
 [   1    0    0    0    0    0    0    0    0    0    0    0    0    0
     0    0    0    0    0]
 [   0    0    0    0    0    0    0    0    0    0    0    0    0    0
     0    0    0    0    1]
 [   0    0    0    0    0    0    0    0    0    0    0    0    0    0
     0    0    0    0    0]]