[[13279    93    30    29    18   108     0     0    11     2     0     0
      0     0     0     0     0     0     0     0     0     0     0     1
      0     0]
 [  191  1314     3    12    27    49     0     0     2     1     0     0
      1     0     0     0     0     0     0     0     0     0     0     0
      0     0]
 [  106     0   282     1     0     1     0     0     0     2     1     0
      0     0     0     0     0     0     0     0     0     0     0     0
      0     0]
 [  103    30     0  1006    15    58     2     0     0     1     0     0
      0     0     0     0     0     0     0     0     0     0     0     0
      0     0]
 [   50    37     0    15   580    63     0     0     2     0     0     0
      0     0     0     0     0     0     0     1     0     0     0     0
      0     0]
 [  220    40     1    37    43  1994     1     0     6     1     2     0
      0     0     0     0     0     0     0     0     0     1     0     0
      0     0]
 [   12     0     5    11     1     3     9     0     0     0     0     0
      0     0     0     0     0     0     0     0     0     0     0     0
      0     0]
 [    5     3     0     3     1     7     0     3     0     0     0     0
      0     0     0     0     0     0     0     0     0     0     1     0
      0     0]
 [   54     5     0     1     1    13     0     0    70     0     0     0
      0     0     0     0     0     0     0     0     0     0     0     0
      0     0]
 [   12     4     0     0     0     3     0     0     0     0     0     0
      0     0     0     0     0     0     0     0     0     0     0     0
      0     0]
 [    4     0     4     0     0    11     0     0     0     0    19     0
      0     0     0     0     0     0     0     0     0     0     0     0
      0     0]
 [    0     0     0     5     0     0     0     0     0     0     0     0
      0     0     0     0     0     0     0     0     0     0     0     0
      0     0]
 [    0     2     0     0     0     2     0     0     0     0     0     0
      0     0     0     0     0     0     0     0     0     0     0     0
      0     0]
 [    0     0     0     0     0     0     0     0     1     0     0     0
      0     0     0     0     0     0     0     0     0     0     0     0
      0     0]
 [    1     0     0     0     0     0     0     0     0     0     0     0
      0     0     0     0     0     0     0     0     0     0     0     0
      0     0]
 [    4     0     0     0     0     0     0     0     0     0     0     0
      0     0     0     1     0     0     0     0     0     0     0     0
      0     0]
 [    2     0     0     0     1     1     0     0     0     0     0     0
      0     0     0     0     0     0     0     0     0     0     0     0
      0     0]
 [    0     0     0     1     0     2     0     0     0     0     0     0
      0     0     0     0     0     0     0     0     0     0     0     0
      0     0]
 [    1     0     0     0     0     0     0     0     0     0     0     0
      0     0     0     0     0     0     0     0     0     0     0     0
      0     0]
 [    0     0     0     0     2     0     0     0     0     0     0     0
      0     0     0     0     0     0     0     0     0     0     0     0
      0     0]
 [    1     0     0     0     0     0     0     0     0     0     0     0
      0     0     0     0     0     0     0     0     0     0     0     0
      0     0]
 [    0     0     0     0     0     0     0     0     0     0     0     0
      0     0     0     0     0     0     0     0     0     0     0     0
      0     0]
 [    0     0     0     0     0     0     0     0     0     0     0     0
      0     0     0     0     0     0     0     0     0     0     0     0
      0     0]
 [    0     0     0     0     0     0     0     0     0     0     0     0
      0     0     0     0     0     0     0     0     0     0     0     0
      0     0]
 [    2     0     0     0     0     0     0     0     0     0     0     0
      0     0     0     0     0     0     0     0     0     0     0     0
      0     0]
 [    0     1     0     0     0     0     0     0     0     0     0     0
      0     0     0     0     0     0     0     0     0     0     0     0
      0     0]]