             precision    recall  f1-score   support

        nói       0.95      0.98      0.96     13571
        nổi       0.86      0.82      0.84      1600
        Nói       0.87      0.72      0.79       393
        nội       0.90      0.83      0.86      1215
        nỗi       0.84      0.78      0.81       748
        nơi       0.86      0.85      0.86      2346
        Nội       0.75      0.22      0.34        41
        nồi       1.00      0.13      0.23        23
        nối       0.76      0.49      0.59       144
        nới       0.00      0.00      0.00        19
        Nơi       0.86      0.50      0.63        38
        nộI       0.00      0.00      0.00         5
        nổI       0.00      0.00      0.00         4
        nốI       0.00      0.00      0.00         1
        nóị       0.00      0.00      0.00         1
        noi       1.00      0.20      0.33         5
        Nỗi       0.00      0.00      0.00         4
        nôi       0.00      0.00      0.00         3
        nõi       0.00      0.00      0.00         1
        nỗI       0.00      0.00      0.00         2
        Nối       0.00      0.00      0.00         1
        nổị       0.00      0.00      0.00         0
        Nổi       0.00      0.00      0.00         0

avg / total       0.92      0.92      0.92     20168
