             precision    recall  f1-score   support

         nữ       0.97      0.99      0.98      2791
         nụ       0.98      0.98      0.98       461
         nử       0.00      0.00      0.00         9
         Nữ       0.81      0.68      0.74       167
         nũ       0.00      0.00      0.00         1
         Nụ       1.00      0.07      0.12        15
         Nu       0.00      0.00      0.00         3
         nư       0.00      0.00      0.00         2
         nự       0.00      0.00      0.00         1

avg / total       0.96      0.97      0.96      3450
