             precision    recall  f1-score   support

        nửa       0.90      0.89      0.90      1035
        nữa       0.95      0.96      0.95      2263
        Nữa       0.00      0.00      0.00         2
        nua       1.00      0.98      0.99        41
        Nửa       1.00      0.09      0.17        11
        nữạ       0.00      0.00      0.00         8
        NỬA       1.00      1.00      1.00         1
        nưa       0.00      0.00      0.00         1

avg / total       0.93      0.93      0.93      3362
