             precision    recall  f1-score   support

          ở       0.96      0.99      0.98      9067
          Ô       0.94      0.92      0.93       933
          Ở       0.37      0.16      0.22       206
          ô       0.90      0.50      0.64       158
          ổ       0.50      0.24      0.32        17
          ờ       0.00      0.00      0.00         9
          o       0.56      0.33      0.42        15
          ó       1.00      0.33      0.50        15
          ố       0.89      0.73      0.80        11
          ồ       0.95      0.82      0.88        76
          ớ       0.84      0.84      0.84        19
          Ổ       0.00      0.00      0.00         1
          Ó       0.50      1.00      0.67         1
          Ồ       1.00      0.44      0.62         9
          ơ       0.67      0.67      0.67        12
          ỏ       0.00      0.00      0.00         2
          ỡ       0.00      0.00      0.00         1
          Ớ       0.00      0.00      0.00         1
          Ờ       0.00      0.00      0.00         3
          Ỏ       0.00      0.00      0.00         1
          Ố       0.00      0.00      0.00         1
          Ơ       0.00      0.00      0.00         1
          O       0.00      0.00      0.00         1
          ợ       0.00      0.00      0.00         1

avg / total       0.94      0.95      0.95     10561
