[[8977   25   54    1    3    2    0    0    0    0    2    1    0    0
     2    0    0    0    0    0    0    0    0    0]
 [  68  855    1    8    0    0    0    0    0    0    0    0    0    0
     1    0    0    0    0    0    0    0    0    0]
 [ 171    1   33    0    0    1    0    0    0    0    0    0    0    0
     0    0    0    0    0    0    0    0    0    0]
 [  54   24    0   79    1    0    0    0    0    0    0    0    0    0
     0    0    0    0    0    0    0    0    0    0]
 [  12    1    0    0    4    0    0    0    0    0    0    0    0    0
     0    0    0    0    0    0    0    0    0    0]
 [   6    0    0    0    0    0    2    0    0    0    1    0    0    0
     0    0    0    0    0    0    0    0    0    0]
 [  10    0    0    0    0    0    5    0    0    0    0    0    0    0
     0    0    0    0    0    0    0    0    0    0]
 [   7    0    0    0    0    0    1    5    0    1    0    0    1    0
     0    0    0    0    0    0    0    0    0    0]
 [   3    0    0    0    0    0    0    0    8    0    0    0    0    0
     0    0    0    0    0    0    0    0    0    0]
 [  13    1    0    0    0    0    0    0    0   62    0    0    0    0
     0    0    0    0    0    0    0    0    0    0]
 [   3    0    0    0    0    0    0    0    0    0   16    0    0    0
     0    0    0    0    0    0    0    0    0    0]
 [   1    0    0    0    0    0    0    0    0    0    0    0    0    0
     0    0    0    0    0    0    0    0    0    0]
 [   0    0    0    0    0    0    0    0    0    0    0    0    1    0
     0    0    0    0    0    0    0    0    0    0]
 [   1    1    2    0    0    0    0    0    0    1    0    0    0    4
     0    0    0    0    0    0    0    0    0    0]
 [   4    0    0    0    0    0    0    0    0    0    0    0    0    0
     8    0    0    0    0    0    0    0    0    0]
 [   2    0    0    0    0    0    0    0    0    0    0    0    0    0
     0    0    0    0    0    0    0    0    0    0]
 [   1    0    0    0    0    0    0    0    0    0    0    0    0    0
     0    0    0    0    0    0    0    0    0    0]
 [   1    0    0    0    0    0    0    0    0    0    0    0    0    0
     0    0    0    0    0    0    0    0    0    0]
 [   3    0    0    0    0    0    0    0    0    0    0    0    0    0
     0    0    0    0    0    0    0    0    0    0]
 [   1    0    0    0    0    0    0    0    0    0    0    0    0    0
     0    0    0    0    0    0    0    0    0    0]
 [   0    0    0    0    0    0    0    0    1    0    0    0    0    0
     0    0    0    0    0    0    0    0    0    0]
 [   0    0    0    0    0    0    0    0    0    0    0    0    0    0
     1    0    0    0    0    0    0    0    0    0]
 [   0    0    0    0    0    0    1    0    0    0    0    0    0    0
     0    0    0    0    0    0    0    0    0    0]
 [   0    0    0    0    0    0    0    0    0    1    0    0    0    0
     0    0    0    0    0    0    0    0    0    0]]