             precision    recall  f1-score   support

         ổi       1.00      1.00      1.00        23
         ơi       0.73      0.94      0.82        96
         ôi       0.54      0.44      0.48        32
         ối       0.67      0.36      0.47        22
         Ôi       0.00      0.00      0.00         5
         ỏi       0.90      1.00      0.95         9
         ói       1.00      0.25      0.40         4
         Ới       0.00      0.00      0.00         2
         Ối       0.25      0.50      0.33         2
         ới       0.33      0.25      0.29         4
         oi       1.00      0.33      0.50         6

avg / total       0.70      0.73      0.69       205
