             precision    recall  f1-score   support

         ôm       0.96      0.99      0.98       655
         om       0.94      0.98      0.96        61
         ồm       0.95      0.92      0.94        39
         ởm       0.00      0.00      0.00         1
         ốm       0.93      0.63      0.75        43
         ỡm       1.00      0.29      0.44         7
         Om       0.00      0.00      0.00         1
         Ôm       0.00      0.00      0.00         2
         OM       0.00      0.00      0.00         0

avg / total       0.95      0.96      0.95       810
