             precision    recall  f1-score   support

         ổn       0.97      0.94      0.95       222
         ơn       0.91      0.98      0.94       339
         ồn       0.99      0.88      0.93        95
         ớn       0.96      0.96      0.96        28
         ôn       0.96      0.97      0.97       203
         Ôn       0.97      0.88      0.93        43
         on       0.00      0.00      0.00         1
         Ơn       0.62      0.45      0.53        11
         ỏn       0.00      0.00      0.00         1

avg / total       0.94      0.94      0.94       943
