             precision    recall  f1-score   support

        ong       0.90      0.59      0.71        46
        ông       0.93      0.99      0.96      1444
        ống       0.95      0.77      0.85       163
        Ông       0.94      0.72      0.81       165
        óng       1.00      0.71      0.83        21
        ổng       0.00      0.00      0.00         2
        òng       0.00      0.00      0.00         2
        õng       0.00      0.00      0.00         1
        ồng       0.75      0.60      0.67         5
        Ống       0.00      0.00      0.00         1
        ÔNG       0.00      0.00      0.00         1

avg / total       0.93      0.93      0.92      1851
