[[  27   18    1    0    0    0    0    0    0    0    0]
 [   3 1429    5    7    0    0    0    0    0    0    0]
 [   0   37  126    0    0    0    0    0    0    0    0]
 [   0   47    0  118    0    0    0    0    0    0    0]
 [   0    6    0    1   14    0    0    0    0    0    0]
 [   0    2    0    0    0    0    0    0    0    0    0]
 [   0    1    0    0    0    0    0    0    1    0    0]
 [   0    1    0    0    0    0    0    0    0    0    0]
 [   0    2    0    0    0    0    0    0    3    0    0]
 [   0    0    1    0    0    0    0    0    0    0    0]
 [   0    1    0    0    0    0    0    0    0    0    0]]