             precision    recall  f1-score   support

       phải       0.96      0.99      0.98     12495
       Phái       0.86      0.84      0.85       237
       phái       0.94      0.89      0.91      2961
       Phải       0.98      0.85      0.91       449
       phai       0.80      0.29      0.42        14
       phẩi       0.00      0.00      0.00         1
       phảI       0.00      0.00      0.00        44
       phãi       0.00      0.00      0.00         2
       pháị       0.00      0.00      0.00         1
       phảị       0.00      0.00      0.00         1
       phài       0.00      0.00      0.00         1
       Pháị       0.00      0.00      0.00         1
       phại       0.00      0.00      0.00         1

avg / total       0.96      0.96      0.96     16208
