[[12351     1   130     7     1     0     4     0     0     0     1     0
      0]
 [   11   199    26     1     0     0     0     0     0     0     0     0
      0]
 [  310    30  2621     0     0     0     0     0     0     0     0     0
      0]
 [   69     0     0   380     0     0     0     0     0     0     0     0
      0]
 [   10     0     0     0     4     0     0     0     0     0     0     0
      0]
 [    1     0     0     0     0     0     0     0     0     0     0     0
      0]
 [   43     0     1     0     0     0     0     0     0     0     0     0
      0]
 [    2     0     0     0     0     0     0     0     0     0     0     0
      0]
 [    0     0     1     0     0     0     0     0     0     0     0     0
      0]
 [    1     0     0     0     0     0     0     0     0     0     0     0
      0]
 [    1     0     0     0     0     0     0     0     0     0     0     0
      0]
 [    0     1     0     0     0     0     0     0     0     0     0     0
      0]
 [    1     0     0     0     0     0     0     0     0     0     0     0
      0]]