             precision    recall  f1-score   support

       Phàm       0.97      0.99      0.98      1393
       Phạm       0.88      0.89      0.88       176
       Phẩm       0.00      0.00      0.00         1
       phẩm       0.86      0.76      0.81       123
       phàm       0.84      0.66      0.74       174
       phạm       0.86      0.95      0.90       389
       phăm       0.00      0.00      0.00         2
       Phảm       0.00      0.00      0.00         2
       pham       0.00      0.00      0.00         1
       phẫm       1.00      0.14      0.25         7

avg / total       0.93      0.93      0.93      2268
