             precision    recall  f1-score   support

       phần       0.87      0.93      0.90      1327
       Phạn       0.00      0.00      0.00         9
       phản       0.93      0.93      0.93      1177
       phân       0.84      0.85      0.84       753
       phận       0.96      0.93      0.94       406
       phán       0.91      0.77      0.83       137
       phấn       0.90      0.88      0.89       296
       phẫn       0.94      0.87      0.91       195
       Phàn       0.92      0.71      0.80        51
       phạn       0.96      0.90      0.93        30
       Phần       0.97      0.98      0.98       231
       Phán       0.50      0.25      0.33         4
       Phân       1.00      0.20      0.33         5
       Phản       0.67      0.25      0.36         8
       phẩn       0.00      0.00      0.00         3
       phàn       0.50      0.11      0.18         9
       Phan       1.00      0.11      0.20         9
       phãn       0.00      0.00      0.00         1
       Phấn       1.00      0.69      0.82        13
       PHáN       0.00      0.00      0.00         1
       PHÂN       0.00      0.00      0.00         1

avg / total       0.89      0.90      0.89      4666
