[[1231    1   21   49    6    1    9    2    1    1    4    0    0    0
     0    1    0    0    0    0    0]
 [   6    0    0    3    0    0    0    0    0    0    0    0    0    0
     0    0    0    0    0    0    0]
 [  39    0 1097   28    2    2    8    0    0    0    0    0    0    0
     1    0    0    0    0    0    0]
 [  73    0   28  640    2    2    4    1    1    0    1    0    0    1
     0    0    0    0    0    0    0]
 [  16    0    8    3  377    1    0    1    0    0    0    0    0    0
     0    0    0    0    0    0    0]
 [   8    0    6   13    1  106    1    1    0    0    0    1    0    0
     0    0    0    0    0    0    0]
 [  14    0   10    9    1    0  259    2    0    0    1    0    0    0
     0    0    0    0    0    0    0]
 [  10    0    4    5    2    0    4  170    0    0    0    0    0    0
     0    0    0    0    0    0    0]
 [  12    0    1    1    0    1    0    0   36    0    0    0    0    0
     0    0    0    0    0    0    0]
 [   1    0    1    0    1    0    0    0    0   27    0    0    0    0
     0    0    0    0    0    0    0]
 [   3    0    0    1    0    0    0    0    0    0  227    0    0    0
     0    0    0    0    0    0    0]
 [   0    0    0    0    0    2    1    0    0    0    0    1    0    0
     0    0    0    0    0    0    0]
 [   0    0    0    3    0    0    0    0    0    0    1    0    1    0
     0    0    0    0    0    0    0]
 [   1    0    2    2    0    0    1    0    0    0    0    0    0    2
     0    0    0    0    0    0    0]
 [   0    0    0    0    0    0    0    3    0    0    0    0    0    0
     0    0    0    0    0    0    0]
 [   0    0    3    5    0    0    0    0    0    0    0    0    0    0
     0    1    0    0    0    0    0]
 [   6    0    1    0    0    0    0    0    1    0    0    0    0    0
     0    0    1    0    0    0    0]
 [   0    0    1    0    0    0    0    0    0    0    0    0    0    0
     0    0    0    0    0    0    0]
 [   3    0    0    0    0    1    0    0    0    0    0    0    0    0
     0    0    0    0    9    0    0]
 [   0    0    0    0    0    1    0    0    0    0    0    0    0    0
     0    0    0    0    0    0    0]
 [   0    0    0    1    0    0    0    0    0    0    0    0    0    0
     0    0    0    0    0    0    0]]