[[2302    9   16    3    3    2    5    1    0    0    0]
 [  43  167    2   53    2    3    0    0    0    0    0]
 [  38    4  559    3    0    0    0    0    0    0    0]
 [  39   58    2   79    1    1    1    0    0    0    0]
 [  34    3    4    4  104    0    3    0    0    0    0]
 [  16    1    0    2    0   55    0    0    0    0    0]
 [  11    0    0    0    1    0   81    0    0    0    0]
 [   3    1    2    0    0    0    0   42    0    0    0]
 [   0    0    0    0    0    1    0    0    2    0    0]
 [   1    0    0    0    0    0    0    0    0    0    0]
 [   0    1    0    0    0    0    0    0    0    0    0]]