             precision    recall  f1-score   support

       phát       0.93      0.98      0.95      2341
       Phật       0.68      0.62      0.65       270
       phất       0.96      0.93      0.94       604
       phật       0.55      0.44      0.49       181
       phạt       0.94      0.68      0.79       152
       Phát       0.89      0.74      0.81        74
       phắt       0.90      0.87      0.89        93
       Phất       0.98      0.88      0.92        48
       Phạt       1.00      0.67      0.80         3
       phat       0.00      0.00      0.00         1
       PHẤT       0.00      0.00      0.00         1

avg / total       0.89      0.90      0.90      3768
