             precision    recall  f1-score   support

        phe       0.87      0.96      0.91       235
        phế       0.85      0.78      0.81        86
        Phệ       0.89      0.98      0.93       161
        phê       1.00      0.78      0.87        40
        phệ       0.50      0.05      0.10        19
        Phe       0.00      0.00      0.00         2
        Phế       1.00      0.20      0.33         5
        phề       0.00      0.00      0.00         1
        phè       0.00      0.00      0.00         2
        Phê       0.00      0.00      0.00         0
        PHệ       0.00      0.00      0.00         1

avg / total       0.86      0.87      0.85       553
