[[225   7   3   0   0   0   0   0   0   0   0   0]
 [ 18  67   0   0   0   0   0   0   0   1   0   0]
 [  1   0 158   0   1   1   0   0   0   0   0   0]
 [  8   1   0  31   0   0   0   0   0   0   0   0]
 [  3   2  13   0   1   0   0   0   0   0   0   0]
 [  2   0   0   0   0   0   0   0   0   0   0   0]
 [  0   1   3   0   0   0   1   0   0   0   0   0]
 [  0   1   0   0   0   0   0   0   0   0   0   0]
 [  2   0   0   0   0   0   0   0   0   0   0   0]
 [  0   0   0   0   0   0   0   0   0   0   0   0]
 [  1   0   0   0   0   0   0   0   0   0   0   0]
 [  0   0   1   0   0   0   0   0   0   0   0   0]]