             precision    recall  f1-score   support

        phì       0.94      0.89      0.91       101
        phi       0.90      0.96      0.93       834
        Phi       0.97      0.97      0.97      1315
        phí       0.90      0.75      0.82       121
        Phí       0.90      0.84      0.87        75
        phỉ       0.88      0.54      0.67        39
        Phì       0.80      0.67      0.73         6
        phị       0.00      0.00      0.00         1
        Phỉ       0.96      0.86      0.91        29
        phĩ       0.00      0.00      0.00         1

avg / total       0.94      0.94      0.94      2522
