             precision    recall  f1-score   support

        Phổ       0.95      0.96      0.95       324
        pho       0.86      0.87      0.87       215
        phó       0.94      0.97      0.95      1157
        phố       0.88      0.86      0.87       196
        Phố       0.89      0.92      0.91       129
        Phó       0.88      0.82      0.85       183
        phò       0.72      0.60      0.66        43
        phô       0.94      0.74      0.83        39
        phổ       0.94      0.90      0.92       228
        phơ       0.93      0.93      0.93        28
        phờ       0.00      0.00      0.00         4
        Pho       0.54      0.58      0.56        12
        Phò       0.76      0.65      0.70        20
        PHÓ       0.00      0.00      0.00         1
        PHỐ       0.00      0.00      0.00         1
        Phờ       0.00      0.00      0.00         1
        PHổ       0.00      0.00      0.00         1
        phọ       0.00      0.00      0.00         1

avg / total       0.91      0.92      0.91      2583
