[[ 310    2    2    1    5    1    0    0    1    1    0    1    0    0
     0    0    0    0]
 [   0  188   10    5    1    2    1    1    7    0    0    0    0    0
     0    0    0    0]
 [   2    8 1123    5    1   12    2    1    2    0    0    1    0    0
     0    0    0    0]
 [   3    5   13  168    2    1    1    0    3    0    0    0    0    0
     0    0    0    0]
 [   5    0    0    5  119    0    0    0    0    0    0    0    0    0
     0    0    0    0]
 [   1    2   25    1    0  150    1    0    0    0    0    3    0    0
     0    0    0    0]
 [   0    1    8    3    1    0   26    0    0    0    0    0    4    0
     0    0    0    0]
 [   1    2    3    1    1    2    0   29    0    0    0    0    0    0
     0    0    0    0]
 [   3    5   10    3    0    0    0    0  206    1    0    0    0    0
     0    0    0    0]
 [   0    0    0    0    0    0    1    0    1   26    0    0    0    0
     0    0    0    0]
 [   0    0    1    0    3    0    0    0    0    0    0    0    0    0
     0    0    0    0]
 [   0    5    0    0    0    0    0    0    0    0    0    7    0    0
     0    0    0    0]
 [   0    0    0    0    0    2    4    0    0    0    0    1   13    0
     0    0    0    0]
 [   0    0    1    0    0    0    0    0    0    0    0    0    0    0
     0    0    0    0]
 [   0    0    1    0    0    0    0    0    0    0    0    0    0    0
     0    0    0    0]
 [   0    0    0    0    0    0    0    0    0    0    1    0    0    0
     0    0    0    0]
 [   1    0    0    0    0    0    0    0    0    0    0    0    0    0
     0    0    0    0]
 [   0    1    0    0    0    0    0    0    0    0    0    0    0    0
     0    0    0    0]]