[[2091   18   55    9    1    1    0    0    0    0    0    0    0    0]
 [  12 1521   73   29    1    0    0    0    0    0    0    0    0    0]
 [  47   57 1270   33    4    2    0    0    0    0    0    0    0    0]
 [  16   50   42  919    1    0    0    0    0    0    0    0    0    0]
 [   2    0    9    4   63    0    1    1    0    0    0    0    0    0]
 [   0    5    5    0    0   30    0    0    0    0    0    0    0    0]
 [   1    0    3    8    0    0   21    0    0    0    0    0    0    0]
 [   0    2    1    0    0    0    0    6    0    0    0    0    0    0]
 [   0    0    1    0    0    0    0    0    4    0    0    0    0    0]
 [   0    0    2    0    0    0    0    1    0    0    0    0    0    0]
 [   0    0    1    2    0    0    0    0    0    0    0    0    0    0]
 [   0    0    0    2    0    0    0    0    0    0    0    0    0    0]
 [   0    0    0    1    0    0    0    0    0    0    0    0    0    0]
 [   0    0    2    0    0    0    0    0    0    0    0    0    0    0]]