             precision    recall  f1-score   support

      Phong       0.96      0.96      0.96      2175
      phòng       0.92      0.93      0.92      1636
      phong       0.87      0.90      0.88      1413
      phóng       0.91      0.89      0.90      1028
      phỏng       0.90      0.79      0.84        80
      Phòng       0.91      0.75      0.82        40
      phồng       0.95      0.64      0.76        33
      phỗng       0.75      0.67      0.71         9
      Phóng       1.00      0.80      0.89         5
      phổng       0.00      0.00      0.00         3
      phông       0.00      0.00      0.00         3
      Phông       0.00      0.00      0.00         2
      phống       0.00      0.00      0.00         1
      Phỏng       0.00      0.00      0.00         2

avg / total       0.92      0.92      0.92      6430
