[[2043   49   48    0    5    1    0    3    0    0    0    0    0    0]
 [  57  983   41    2    0    1    2    4    0    9    0    0    0    0]
 [  47   28 2406    3    1    0    1    4    2    0    0    0    0    0]
 [   6   10    3  141    1    2    0    0    0    0    0    0    0    0]
 [  15    3    1    0   86    4    0    0    0    0    0    0    0    0]
 [   5    0   23    0    0   60    0    0    0    0    0    0    0    0]
 [  14    6   10    1    1    0   98    5    1    1    0    0    0    0]
 [  12   22    2    1    1    2    0   86    0    1    0    0    0    0]
 [   3    4    1    0    0    0    1    0   21    0    0    0    0    0]
 [   6   28    2    0    3    2    1    0    0   59    0    0    0    0]
 [   0    2    0    0    0    0    0    0    0    0    0    0    0    0]
 [   3    0    0    0    0    0    0    0    0    0    0    0    0    0]
 [   0    1    0    0    0    0    0    0    0    0    0    0    0    0]
 [   0    1    0    0    0    0    0    0    0    0    0    0    0    0]]