             precision    recall  f1-score   support

        phụ       0.92      0.95      0.94      2149
        phủ       0.86      0.89      0.88      1099
        phu       0.95      0.97      0.96      2492
        Phù       0.95      0.87      0.91       163
        Phụ       0.88      0.79      0.83       109
        Phu       0.83      0.68      0.75        88
        phú       0.95      0.72      0.82       137
        phù       0.84      0.68      0.75       127
        Phú       0.88      0.70      0.78        30
        Phủ       0.84      0.58      0.69       101
        PHÚ       0.00      0.00      0.00         2
        phũ       0.00      0.00      0.00         3
        Phũ       0.00      0.00      0.00         1
        PHủ       0.00      0.00      0.00         1

avg / total       0.92      0.92      0.92      6502
