             precision    recall  f1-score   support

     phương       0.95      0.98      0.97      1732
     Phương       0.97      0.96      0.96      1404
     phượng       0.77      0.72      0.74        32
     phường       0.74      0.36      0.49        47
     Phường       0.33      0.20      0.25         5
     Phượng       0.92      0.89      0.91        93
     phưỡng       0.67      0.67      0.67         3
     phưong       0.00      0.00      0.00         5
     phướng       0.00      0.00      0.00         2
     Phuơng       0.00      0.00      0.00         1
     Phưong       0.00      0.00      0.00         1
     phưởng       1.00      1.00      1.00         1
     phuơng       0.00      0.00      0.00         1

avg / total       0.95      0.95      0.95      3327
