             precision    recall  f1-score   support

        quá       0.87      0.84      0.86      1981
        qua       0.91      0.94      0.92      3571
        quả       0.93      0.94      0.94      2281
        Quả       0.94      0.75      0.83       151
        quà       1.00      0.24      0.39        29
        quã       0.00      0.00      0.00         1
        Quá       0.75      0.33      0.46        18
        qúa       0.00      0.00      0.00         3
        Qua       0.93      0.45      0.61        31
        qủa       0.00      0.00      0.00         2
        quạ       1.00      0.11      0.20         9
        qụa       0.00      0.00      0.00         2
        QUA       0.00      0.00      0.00         1
        qụá       0.00      0.00      0.00         1

avg / total       0.90      0.90      0.90      8081
