[[1673  238   63    5    0    0    2    0    0    0    0    0    0    0]
 [ 173 3348   49    1    0    0    0    0    0    0    0    0    0    0]
 [  53   81 2147    0    0    0    0    0    0    0    0    0    0    0]
 [   2    2   33  113    0    0    0    0    1    0    0    0    0    0]
 [   5   12    5    0    7    0    0    0    0    0    0    0    0    0]
 [   0    0    1    0    0    0    0    0    0    0    0    0    0    0]
 [   9    2    1    0    0    0    6    0    0    0    0    0    0    0]
 [   2    0    1    0    0    0    0    0    0    0    0    0    0    0]
 [   5    8    3    1    0    0    0    0   14    0    0    0    0    0]
 [   0    0    2    0    0    0    0    0    0    0    0    0    0    0]
 [   4    4    0    0    0    0    0    0    0    0    1    0    0    0]
 [   0    2    0    0    0    0    0    0    0    0    0    0    0    0]
 [   0    1    0    0    0    0    0    0    0    0    0    0    0    0]
 [   1    0    0    0    0    0    0    0    0    0    0    0    0    0]]