[[1223    3    6    0    6    0    3    1    0    0    0    0    0    0]
 [   8   89    1    0    0    0    3    0    0    0    0    0    0    0]
 [  20    0  138    0    2    1    0    0    0    0    0    0    0    0]
 [   6    1    2    4    1    5    1    0    0    0    0    0    0    0]
 [  38    0    7    0  505    2    0    0    0    1    0    0    0    0]
 [  31    1    0    2    5   20    0    1    1    1    0    0    0    0]
 [   9    1    2    0    1    0   54    1    0    0    0    0    0    0]
 [   8    0    0    0    0    0    0   16    0    0    0    0    0    0]
 [   3    0    1    0    0    0    0    0    9    1    0    0    0    0]
 [   4    0    1    0    0    1    0    0    1   11    0    0    0    0]
 [   1    0    0    0    0    1    0    0    0    0    1    0    0    0]
 [   0    1    0    0    0    0    0    0    0    0    0    0    0    0]
 [   0    0    0    0    0    0    0    0    0    0    0    0    0    1]
 [   1    0    1    0    0    1    0    0    0    0    0    0    0    0]]