             precision    recall  f1-score   support

       quan       0.89      0.89      0.89      3260
       quận       0.60      0.41      0.49        85
       quản       0.77      0.76      0.76       373
       quân       0.86      0.92      0.89      4148
       quần       0.89      0.88      0.88       661
       Quân       0.85      0.84      0.85       372
       quấn       0.87      0.62      0.72       136
       quán       0.84      0.74      0.78       429
       Quần       0.99      0.94      0.96       732
       Quận       0.94      0.89      0.91       211
       quẩn       0.86      0.86      0.86        37
       quăn       1.00      0.71      0.83         7
       Quan       0.91      0.85      0.88       738
       quặn       0.67      0.57      0.62         7
       Quản       0.98      0.94      0.96       373
       quàn       0.00      0.00      0.00         2
       qụan       0.00      0.00      0.00         5
       Quán       0.83      0.25      0.38        20
       quãn       0.00      0.00      0.00         1
       quằn       1.00      0.40      0.57         5
       quẫn       0.00      0.00      0.00         0
       QUÁN       0.00      0.00      0.00         4
       QUầN       0.00      0.00      0.00         1
       qụân       0.00      0.00      0.00         1
       QUÂN       0.00      0.00      0.00         1
       Quặn       0.00      0.00      0.00         6

avg / total       0.88      0.88      0.88     11616
