[[2902    1   29  259    8   11    2   17    1    1    1    0   26    0
     2    0    0    0    0    0    0    0    0    0    0    0    0]
 [  13   35    0   26    0    1    1    1    0    6    0    0    2    0
     0    0    0    0    0    0    0    0    0    0    0    0    0]
 [  20    1  283   57    5    3    0    1    0    1    0    0    0    0
     1    0    0    0    0    0    0    1    0    0    0    0    0]
 [ 208    5   36 3815   18   16    1   23    2    1    0    0   21    1
     1    0    0    0    0    0    0    0    0    0    0    0    0]
 [  20    0    4   43  583    0    3    4    2    1    0    0    0    1
     0    0    0    0    0    0    0    0    0    0    0    0    0]
 [   8    0    1   42    0  313    0    1    1    0    0    0    6    0
     0    0    0    0    0    0    0    0    0    0    0    0    0]
 [  11    0    4   25    4    1   84    1    0    0    3    0    3    0
     0    0    0    0    0    0    0    0    0    0    0    0    0]
 [  26    0    4   72    2    2    3  316    0    2    0    0    0    0
     0    0    0    1    0    0    1    0    0    0    0    0    0]
 [   4    0    0    5   31    4    1    0  687    0    0    0    0    0
     0    0    0    0    0    0    0    0    0    0    0    0    0]
 [   2   12    0    8    0    1    0    0    0  188    0    0    0    0
     0    0    0    0    0    0    0    0    0    0    0    0    0]
 [   1    0    0    2    2    0    0    0    0    0   32    0    0    0
     0    0    0    0    0    0    0    0    0    0    0    0    0]
 [   0    0    1    1    0    0    0    0    0    0    0    5    0    0
     0    0    0    0    0    0    0    0    0    0    0    0    0]
 [  39    4    1   45    3   14    0    7    0    0    0    0  624    0
     1    0    0    0    0    0    0    0    0    0    0    0    0]
 [   0    0    0    2    0    0    1    0    0    0    0    0    0    4
     0    0    0    0    0    0    0    0    0    0    0    0    0]
 [   6    0    2   13    0    0    0    0    0    0    0    0    2    0
   350    0    0    0    0    0    0    0    0    0    0    0    0]
 [   1    0    0    0    0    0    0    0    1    0    0    0    0    0
     0    0    0    0    0    0    0    0    0    0    0    0    0]
 [   5    0    0    0    0    0    0    0    0    0    0    0    0    0
     0    0    0    0    0    0    0    0    0    0    0    0    0]
 [   2    0    0    1    0    2    0    7    0    0    0    0    1    0
     2    0    0    5    0    0    0    0    0    0    0    0    0]
 [   0    0    1    0    0    0    0    0    0    0    0    0    0    0
     0    0    0    0    0    0    0    0    0    0    0    0    0]
 [   0    0    0    2    0    0    1    0    0    0    0    0    0    0
     0    0    0    0    0    2    0    0    0    0    0    0    0]
 [   0    0    0    0    0    0    0    0    0    0    0    0    0    0
     0    0    0    0    0    0    0    0    0    0    0    0    0]
 [   1    0    1    1    0    0    0    0    0    0    1    0    0    0
     0    0    0    0    0    0    0    0    0    0    0    0    0]
 [   0    0    0    1    0    0    0    0    0    0    0    0    0    0
     0    0    0    0    0    0    0    0    0    0    0    0    0]
 [   0    0    0    1    0    0    0    0    0    0    0    0    0    0
     0    0    0    0    0    0    0    0    0    0    0    0    0]
 [   0    0    0    1    0    0    0    0    0    0    0    0    0    0
     0    0    0    0    0    0    0    0    0    0    0    0    0]
 [   0    0    0    5    1    0    0    0    0    0    0    0    0    0
     0    0    0    0    0    0    0    0    0    0    0    0    0]
 [   0    0    0    1    0    0    0    0    0    0    0    0    0    0
     0    0    0    0    0    0    0    0    0    0    0    0    0]]