             precision    recall  f1-score   support

      quang       0.90      0.98      0.94      1242
      quảng       0.93      0.88      0.90       101
      Quảng       0.87      0.86      0.86       161
      quẳng       0.67      0.20      0.31        20
      Quang       0.97      0.91      0.94       553
      quăng       0.65      0.32      0.43        62
      quãng       0.89      0.79      0.84        68
      quầng       0.84      0.67      0.74        24
      quáng       0.82      0.64      0.72        14
      quàng       0.79      0.61      0.69        18
      quạng       1.00      0.33      0.50         3
      qụảng       0.00      0.00      0.00         1
      Quẳng       0.00      0.00      0.00         1
      Quăng       0.00      0.00      0.00         3

avg / total       0.91      0.91      0.90      2271
