[[2765    0    0    0    0    2    0    1    0    0    0    0    0]
 [   5   12    0    0    0    0    0    0    0    0    0    0    0]
 [  18    0  109    0    0    0    0    0    0    0    0    0    0]
 [   1    0    0    0    0    0    0    0    0    0    0    0    0]
 [   1    0    0    0   18    0    1    0    0    0    0    0    0]
 [   7    0    0    0    0    3    0    0    0    0    0    0    0]
 [   7    0    0    0    0    0   19    0    0    0    0    0    0]
 [  15    0    1    0    0    0    0    3    0    0    0    0    0]
 [   9    0    0    0    0    0    0    0    0    0    0    0    0]
 [   0    0    0    0    0    0    7    0    0    0    0    0    0]
 [   0    0    0    0    3    0    0    0    0    0    0    0    0]
 [   3    1    0    0    0    1    0    0    0    0    0    0    0]
 [   1    0    0    0    0    0    0    0    0    0    0    0    0]]