             precision    recall  f1-score   support

       quay       0.98      1.00      0.99      2768
       quẩy       0.92      0.71      0.80        17
       quấy       0.99      0.86      0.92       127
       qụay       0.00      0.00      0.00         1
       quậy       0.86      0.90      0.88        20
       quẫy       0.50      0.30      0.37        10
       quầy       0.70      0.73      0.72        26
       quây       0.75      0.16      0.26        19
       Quay       0.00      0.00      0.00         9
       quày       0.00      0.00      0.00         7
       quạy       0.00      0.00      0.00         3
       quảy       0.00      0.00      0.00         5
       Quấy       0.00      0.00      0.00         1

avg / total       0.96      0.97      0.97      3013
