             precision    recall  f1-score   support

        Quế       0.99      0.99      0.99       756
        quẻ       0.92      1.00      0.96        12
        Quê       1.00      0.50      0.67         2
        quê       0.87      0.92      0.89       113
        que       0.90      0.86      0.88        22
        quế       1.00      0.90      0.95        10
        què       1.00      0.75      0.86        16
        Qué       0.00      0.00      0.00         1
        quẽ       1.00      0.80      0.89         5
        quệ       1.00      1.00      1.00         3
        qụe       0.00      0.00      0.00         1

avg / total       0.97      0.97      0.97       941
