             precision    recall  f1-score   support

        quí       0.68      0.84      0.75        76
        quì       0.92      0.87      0.89        53
        qui       0.82      0.78      0.80        69
        quỉ       0.84      0.83      0.83       109
        Quĩ       1.00      1.00      1.00         1
        Quỉ       1.00      0.50      0.67         6
        Qui       0.50      0.38      0.43         8
        Quí       0.38      0.38      0.38         8
        Quì       0.00      0.00      0.00         3
        Qùi       1.00      1.00      1.00         2
        quị       0.00      0.00      0.00         2

avg / total       0.79      0.79      0.78       337
