             precision    recall  f1-score   support

        quy       0.89      0.84      0.87       334
        quý       0.83      0.86      0.84       479
        quỳ       0.92      0.91      0.91       352
        Quý       0.84      0.80      0.82       269
        Quy       0.89      0.82      0.86       159
        quỷ       0.86      0.86      0.86       683
        Quỷ       0.96      0.98      0.97      2204
        quỹ       0.73      0.76      0.74        21
        Quỳ       0.91      0.92      0.92        65
        quỵ       0.00      0.00      0.00         7
        Qủy       0.00      0.00      0.00        10
        Qúy       0.11      0.10      0.10        21
        qũy       0.50      0.14      0.22         7
        Quỵ       0.00      0.00      0.00         1
        qúy       0.00      0.00      0.00         2
        qụỷ       0.00      0.00      0.00         2
        Quỹ       0.00      0.00      0.00         2
        qủy       0.00      0.00      0.00         1
        Qùy       0.00      0.00      0.00         1
        QUý       0.00      0.00      0.00         1
        QUỷ       0.00      0.00      0.00         1
        qụý       0.00      0.00      0.00         1

avg / total       0.90      0.91      0.90      4623
