[[ 282   15    4    0    6   22    5    0    0    0    0    0    0    0
     0    0    0    0    0    0    0    0]
 [  10  413    7   10    4   25    8    0    2    0    0    0    0    0
     0    0    0    0    0    0    0    0]
 [   6   16  319    0    0    7    1    0    0    3    0    0    0    0
     0    0    0    0    0    0    0    0]
 [   4   17    0  214    2    4   12    0    0    0    0   16    0    0
     0    0    0    0    0    0    0    0]
 [   5    9    0    3  131    7    3    0    0    0    0    0    0    1
     0    0    0    0    0    0    0    0]
 [   9   22    7    3    3  588   47    1    3    0    0    0    0    0
     0    0    0    0    0    0    0    0]
 [   0    4    1    5    0   19 2170    2    0    0    2    0    1    0
     0    0    0    0    0    0    0    0]
 [   0    0    0    0    0    4    1   16    0    0    0    0    0    0
     0    0    0    0    0    0    0    0]
 [   0    1    2    0    0    2    0    0   60    0    0    0    0    0
     0    0    0    0    0    0    0    0]
 [   0    0    7    0    0    0    0    0    0    0    0    0    0    0
     0    0    0    0    0    0    0    0]
 [   0    0    0    0    0    1    9    0    0    0    0    0    0    0
     0    0    0    0    0    0    0    0]
 [   0    1    0   18    0    0    0    0    0    0    0    2    0    0
     0    0    0    0    0    0    0    0]
 [   0    0    0    0    0    0    3    3    0    0    0    0    1    0
     0    0    0    0    0    0    0    0]
 [   0    0    0    0    1    0    0    0    0    0    0    0    0    0
     0    0    0    0    0    0    0    0]
 [   0    1    0    0    0    1    0    0    0    0    0    0    0    0
     0    0    0    0    0    0    0    0]
 [   0    0    0    0    0    2    0    0    0    0    0    0    0    0
     0    0    0    0    0    0    0    0]
 [   0    0    0    1    0    0    1    0    0    0    0    0    0    0
     0    0    0    0    0    0    0    0]
 [   0    0    0    0    0    1    0    0    0    0    0    0    0    0
     0    0    0    0    0    0    0    0]
 [   0    0    0    0    0    0    0    0    1    0    0    0    0    0
     0    0    0    0    0    0    0    0]
 [   0    0    0    1    0    0    0    0    0    0    0    0    0    0
     0    0    0    0    0    0    0    0]
 [   0    0    0    0    0    0    1    0    0    0    0    0    0    0
     0    0    0    0    0    0    0    0]
 [   0    1    0    0    0    0    0    0    0    0    0    0    0    0
     0    0    0    0    0    0    0    0]]