             precision    recall  f1-score   support

         ra       1.00      1.00      1.00     17275
         Ra       1.00      0.50      0.67        26
         rả       1.00      0.31      0.47        13
         rã       1.00      0.35      0.52        40
         rạ       0.33      0.05      0.09        19
         rà       1.00      0.23      0.38        13
         RA       0.00      0.00      0.00         1
         rá       0.00      0.00      0.00         1

avg / total       0.99      1.00      0.99     17388
