             precision    recall  f1-score   support

        rầm       0.79      0.90      0.84        98
        rậm       0.88      0.97      0.92       139
        râm       0.78      0.67      0.72        27
        Rậm       0.00      0.00      0.00         1
        rằm       1.00      1.00      1.00        11
        rắm       0.88      0.47      0.61        15
        rám       0.00      0.00      0.00         2
        rấm       1.00      0.80      0.89         5
        rặm       0.00      0.00      0.00         1
        răm       1.00      0.30      0.46        10
        Ram       0.00      0.00      0.00         1
        rẫm       0.00      0.00      0.00         1
        Rầm       0.00      0.00      0.00         1
        ràm       0.00      0.00      0.00         2

avg / total       0.83      0.85      0.83       314
