             precision    recall  f1-score   support

        rắn       0.81      1.00      0.89       143
        rặn       0.00      0.00      0.00         1
        ran       1.00      0.35      0.52        17
        rần       1.00      0.62      0.77         8
        ràn       1.00      0.80      0.89         5
        rán       1.00      0.40      0.57         5
        rận       0.00      0.00      0.00         1
        rạn       0.75      0.50      0.60        12
        răn       0.89      0.62      0.73        13
        rân       0.00      0.00      0.00         2
        Rắn       1.00      0.75      0.86         4
        rấn       0.00      0.00      0.00         3
        rằn       1.00      1.00      1.00         1

avg / total       0.82      0.83      0.80       215
