[[2139    6   19    0    2    0    0    0    0    0    0]
 [  21  244    0    1    3    0    1    0    0    0    0]
 [  13    0  590    0    0    1    0    0    0    0    0]
 [   6    3    0   51    0    0    1    0    0    0    0]
 [  25    3    2    0   32    0    0    0    0    0    0]
 [   5    0    2    0    2    1    0    0    1    0    0]
 [   5    1    0    2    1    0   19    0    0    0    0]
 [   1    0    0    0    0    0    0    0    0    0    0]
 [   0    0    0    0    0    0    0    0    0    0    0]
 [   2    0    0    0    0    0    0    0    0    0    0]
 [   1    0    0    0    0    0    0    0    0    0    0]]