             precision    recall  f1-score   support

       rằng       0.96      0.99      0.98      2166
       răng       0.95      0.90      0.93       270
       ràng       0.96      0.98      0.97       604
       rạng       0.94      0.84      0.89        61
       ráng       0.80      0.52      0.63        62
       rang       0.50      0.09      0.15        11
       rặng       0.90      0.68      0.78        28
       Rằng       0.00      0.00      0.00         1
       rắng       0.00      0.00      0.00         0
       Răng       0.00      0.00      0.00         2

avg / total       0.96      0.96      0.96      3206
