             precision    recall  f1-score   support

        rãy       0.00      0.00      0.00         1
        rẫy       0.76      0.96      0.85        23
        rẩy       1.00      1.00      1.00        45
        rầy       0.92      0.89      0.91        27
        rày       0.88      0.70      0.78        10
        rây       0.00      0.00      0.00         3
        ray       1.00      0.50      0.67         4
        rấy       0.50      1.00      0.67         1

avg / total       0.88      0.89      0.88       114
