             precision    recall  f1-score   support

         rẽ       0.70      0.96      0.81       104
         rè       1.00      0.90      0.95        20
         rễ       0.87      0.59      0.70        22
         rể       0.83      0.70      0.76        27
         rẻ       0.75      0.53      0.62        40
         rê       0.86      0.55      0.67        11
         ré       0.00      0.00      0.00         6
         Rẽ       0.00      0.00      0.00         1
         re       0.00      0.00      0.00         2
         Rễ       0.00      0.00      0.00         1

avg / total       0.74      0.76      0.73       234
