             precision    recall  f1-score   support

         rõ       0.97      1.00      0.99      2334
         rỡ       0.98      0.98      0.98       270
         rộ       0.98      0.87      0.92        61
         rỗ       1.00      0.50      0.67        12
         ró       0.00      0.00      0.00         2
         rở       0.00      0.00      0.00         1
         rồ       0.78      0.88      0.82         8
         rỏ       0.00      0.00      0.00         5
         ro       1.00      0.58      0.74        12
         rọ       0.00      0.00      0.00         4
         rợ       1.00      0.50      0.67        10
         rổ       0.00      0.00      0.00         5
         Rõ       1.00      0.55      0.71        11
         RÕ       0.00      0.00      0.00         3
         rờ       1.00      0.29      0.44         7
         Rồ       0.00      0.00      0.00         1

avg / total       0.97      0.97      0.97      2746
