             precision    recall  f1-score   support

        rồi       0.94      0.98      0.96      8343
        rối       0.93      0.81      0.87       289
        Rồi       0.85      0.58      0.69       347
        rỗi       0.96      0.69      0.81        78
        rời       0.93      0.84      0.88       865
        rơi       0.91      0.83      0.87       745
        roi       0.83      0.59      0.69        93
        rổi       0.00      0.00      0.00        14
        ròi       0.00      0.00      0.00         3
        rọi       0.83      0.50      0.62        50
        rồI       0.00      0.00      0.00        28
        rờI       0.00      0.00      0.00         2
        rói       0.00      0.00      0.00         3
        Rối       0.00      0.00      0.00         2
        rồị       0.00      0.00      0.00        11
        rồỉ       0.00      0.00      0.00         1
        Rời       0.00      0.00      0.00         2
        rôi       0.00      0.00      0.00         2
        rởi       0.00      0.00      0.00         1
        rọI       0.00      0.00      0.00         1
        rốI       0.00      0.00      0.00         0
        RồI       0.00      0.00      0.00         1
        rợi       0.00      0.00      0.00         1
        rội       0.00      0.00      0.00         1
        Rổi       0.00      0.00      0.00         1
        rới       0.00      0.00      0.00         1
        rôì       0.00      0.00      0.00         1
        rõi       0.00      0.00      0.00         1

avg / total       0.92      0.93      0.92     10889
