             precision    recall  f1-score   support

        rốt       0.95      0.99      0.97       302
        rót       0.93      0.91      0.92       147
        rớt       0.92      0.96      0.94       223
        rọt       1.00      1.00      1.00        10
        Rốt       1.00      0.16      0.27        19
        rột       0.00      0.00      0.00         1
        Rót       0.00      0.00      0.00         1
        rôt       0.00      0.00      0.00         1

avg / total       0.93      0.94      0.93       704
