             precision    recall  f1-score   support

         rũ       0.83      0.91      0.87       125
         rú       0.96      0.95      0.95       142
         rủ       0.68      0.72      0.70        50
         ru       0.40      0.13      0.20        15
         rứ       0.00      0.00      0.00         1
         rù       0.00      0.00      0.00         2
         rử       0.00      0.00      0.00         1
         rừ       0.00      0.00      0.00         0

avg / total       0.83      0.85      0.84       337
