             precision    recall  f1-score   support

        rửa       0.92      0.95      0.94       193
        rùa       0.93      0.96      0.94       143
        rụa       0.67      1.00      0.80         2
        rủa       0.96      0.88      0.92        26
        rữa       0.83      0.62      0.71         8
        rưa       0.00      0.00      0.00         1
        Rùa       0.00      0.00      0.00         2
        Rửa       0.00      0.00      0.00         1
        rũa       0.00      0.00      0.00         1
        rựa       0.00      0.00      0.00         1
        rứa       1.00      0.50      0.67         2

avg / total       0.91      0.93      0.92       380
