             precision    recall  f1-score   support

       rưỡi       1.00      0.56      0.72        16
       ruổi       0.79      0.79      0.79        19
       rười       0.80      0.94      0.86        17
       rượi       0.89      0.67      0.76        12
       ruồi       0.59      1.00      0.74        20
       rưới       1.00      0.25      0.40         8
       rưởi       1.00      1.00      1.00         1
       ruỗi       0.00      0.00      0.00         1

avg / total       0.81      0.76      0.74        94
