             precision    recall  f1-score   support

        sai       0.96      0.99      0.98      1011
        sải       1.00      0.89      0.94        45
        sái       0.98      0.95      0.97        44
        sài       0.88      0.37      0.52        19
        sãi       0.86      0.67      0.75         9
        Sài       0.83      0.76      0.79        33
        Sai       1.00      0.08      0.15        12
        saị       0.00      0.00      0.00         1
        SAI       0.00      0.00      0.00         1

avg / total       0.96      0.96      0.95      1175
