             precision    recall  f1-score   support

        Sấm       0.99      0.97      0.98       192
        sấm       0.96      0.97      0.97       170
        sám       0.84      0.96      0.90        45
        sâm       0.76      0.84      0.80        31
        sầm       0.85      0.97      0.91        96
        sẫm       0.60      0.20      0.30        15
        sắm       0.73      0.73      0.73        11
        Sám       0.00      0.00      0.00         6
        sam       1.00      0.57      0.73         7
        săm       1.00      0.67      0.80         3
        Sâm       1.00      0.67      0.80         3
        sàm       0.50      0.33      0.40         3
        sậm       0.00      0.00      0.00         0
        sạm       0.43      0.75      0.55         4
        Sầm       0.00      0.00      0.00         0
        Sạm       0.00      0.00      0.00         1
        SẤM       1.00      1.00      1.00         2

avg / total       0.90      0.91      0.90       592
