[[ 81   1   0   7   0   0   3   1   0   1   0   1   1   1   0   0   0]
 [  1 111   0   5   0   1   4   0   0   0   0   0   1   4   0   0   0]
 [  1   1   0   0   0   0   0   0   0   0   0   0   0   0   0   0   0]
 [  3   8   0 110   0   1   3   0   0   0   0   1   0   1   0   0   0]
 [  0   1   0   2 496   0   2   0   0   0   0   0   0   0   0   0   0]
 [  2   3   0   2   0  19   0   1   0   0   0   1   0   0   0   0   0]
 [  1   7   0   3   0   1 101   1   1   0   0   1   6   0   0   0   0]
 [  2   0   0   2   0   0   1  33   2   0   0   0   0   1   0   0   0]
 [  0   0   0   0   1   0   0   0   3   0   0   0   0   0   0   0   0]
 [  0   5   0   2   0   0   0   1   0   0   0   0   0   0   0   0   0]
 [  0   0   0   2   0   0   0   0   0   0   0   0   0   0   0   0   0]
 [  2   0   0   0   0   0   2   1   0   0   0  46   0   0   0   0   0]
 [  0   1   0   1   1   0   6   1   0   0   0   0  33   0   0   0   0]
 [  0   1   0   1   0   0   1   0   0   0   0   0   0  55   0   0   0]
 [  0   1   0   0   0   0   0   0   0   0   0   0   0   0   0   0   0]
 [  0   0   0   0   0   0   0   0   0   0   0   0   0   1   0   0   0]
 [  0   2   0   0   0   0   0   0   0   0   0   0   0   0   0   0   0]]