             precision    recall  f1-score   support

        sản       0.87      0.84      0.85        97
        sẵn       0.78      0.87      0.83       127
        sần       0.00      0.00      0.00         2
        săn       0.80      0.87      0.83       127
        San       1.00      0.99      0.99       501
        sấn       0.86      0.68      0.76        28
        sân       0.82      0.83      0.82       122
        san       0.85      0.80      0.83        41
        Sản       0.50      0.75      0.60         4
        sẳn       0.00      0.00      0.00         8
        Sán       0.00      0.00      0.00         2
        Sân       0.92      0.90      0.91        51
        sàn       0.80      0.77      0.79        43
        sạn       0.87      0.95      0.91        58
        sẫn       0.00      0.00      0.00         1
        Sạn       0.00      0.00      0.00         1
        sắn       0.00      0.00      0.00         2

avg / total       0.89      0.90      0.89      1215
