             precision    recall  f1-score   support

       sáng       0.94      0.97      0.96      2053
       sang       0.94      0.93      0.94      1318
       Sáng       0.93      0.58      0.71        43
       Sảng       1.00      0.99      0.99       245
       sẵng       0.00      0.00      0.00         5
       sảng       0.96      0.78      0.86        60
       sằng       1.00      0.89      0.94         9
       sàng       0.92      0.62      0.74        37
       sâng       0.00      0.00      0.00         1
       SANG       0.00      0.00      0.00         1
       sắng       1.00      1.00      1.00         3
       Sâng       0.33      0.25      0.29         4
       Sấng       0.00      0.00      0.00         1
       Sang       0.50      0.10      0.17        10
       sãng       0.00      0.00      0.00         1
       SàNG       0.00      0.00      0.00         0

avg / total       0.94      0.94      0.94      3792
