[[2001   50    1    0    0    0    0    1    0    0    0    0    0    0
     0    0    0]
 [  84 1228    1    0    0    2    0    1    0    0    0    0    0    1
     0    1    0]
 [  17    1   25    0    0    0    0    0    0    0    0    0    0    0
     0    0    0]
 [   1    2    0  242    0    0    0    0    0    0    0    0    0    0
     0    0    0]
 [   0    5    0    0    0    0    0    0    0    0    0    0    0    0
     0    0    0]
 [   4    8    0    1    0   47    0    0    0    0    0    0    0    0
     0    0    0]
 [   1    0    0    0    0    0    8    0    0    0    0    0    0    0
     0    0    0]
 [  10    4    0    0    0    0    0   23    0    0    0    0    0    0
     0    0    0]
 [   0    0    0    0    0    0    0    0    0    0    0    1    0    0
     0    0    0]
 [   0    1    0    0    0    0    0    0    0    0    0    0    0    0
     0    0    0]
 [   0    0    0    0    0    0    0    0    0    0    3    0    0    0
     0    0    0]
 [   1    0    0    0    0    0    0    0    2    0    0    1    0    0
     0    0    0]
 [   0    0    0    0    0    0    0    0    0    0    0    1    0    0
     0    0    0]
 [   1    8    0    0    0    0    0    0    0    0    0    0    0    1
     0    0    0]
 [   0    1    0    0    0    0    0    0    0    0    0    0    0    0
     0    0    0]
 [   0    0    0    0    0    0    0    0    0    0    0    0    0    0
     0    0    0]
 [   1    0    0    0    0    0    0    0    0    0    0    0    0    0
     0    0    0]]