             precision    recall  f1-score   support

       sanh       0.68      0.65      0.67        60
       sảnh       0.92      0.97      0.94       340
       sãnh       0.00      0.00      0.00        12
       Sanh       0.84      0.91      0.88        35
       sánh       0.95      0.93      0.94       153
       sành       0.78      0.75      0.76        28
       sạnh       0.00      0.00      0.00         1
       Sảnh       0.00      0.00      0.00         2
       Sãnh       0.00      0.00      0.00         1
       Sánh       0.00      0.00      0.00         2

avg / total       0.87      0.89      0.88       634
