             precision    recall  f1-score   support

        sao       0.97      1.00      0.98      4245
        Sao       0.95      0.82      0.88       398
        sảo       1.00      0.33      0.50         6
        sáo       0.93      0.81      0.86        67
        Sào       1.00      0.95      0.98        22
        sào       0.95      0.65      0.77        60
        saỏ       0.00      0.00      0.00         1
        sạo       0.00      0.00      0.00         4
        saọ       0.00      0.00      0.00         2
        Sáo       0.00      0.00      0.00         2

avg / total       0.97      0.97      0.97      4807
