             precision    recall  f1-score   support

        sau       0.95      0.98      0.96      5584
        sáu       0.86      0.83      0.85       611
        sâu       0.92      0.88      0.90       862
        Sau       0.84      0.45      0.59       185
        sầu       0.91      0.47      0.62        62
        sậu       0.00      0.00      0.00         1
        saụ       0.00      0.00      0.00         3
        Sáu       0.85      0.35      0.50        31
        Sâu       0.00      0.00      0.00         2
        SAU       0.00      0.00      0.00         1
        Sấu       1.00      0.43      0.60         7
        sấu       0.00      0.00      0.00         3
        SÁU       0.00      0.00      0.00         1

avg / total       0.93      0.94      0.93      7353
