[[5482   50   39   10    3    0    0    0    0    0    0    0    0]
 [  87  510   11    1    0    0    0    2    0    0    0    0    0]
 [  89   12  761    0    0    0    0    0    0    0    0    0    0]
 [  98    2    1   84    0    0    0    0    0    0    0    0    0]
 [  18    2   13    0   29    0    0    0    0    0    0    0    0]
 [   1    0    0    0    0    0    0    0    0    0    0    0    0]
 [   3    0    0    0    0    0    0    0    0    0    0    0    0]
 [   3   13    0    4    0    0    0   11    0    0    0    0    0]
 [   0    0    2    0    0    0    0    0    0    0    0    0    0]
 [   1    0    0    0    0    0    0    0    0    0    0    0    0]
 [   1    2    0    1    0    0    0    0    0    0    3    0    0]
 [   1    2    0    0    0    0    0    0    0    0    0    0    0]
 [   1    0    0    0    0    0    0    0    0    0    0    0    0]]