             precision    recall  f1-score   support

         số       0.88      0.90      0.89      1287
         sơ       0.91      0.82      0.86       381
         sở       0.91      0.85      0.88       306
         sổ       0.95      0.94      0.94       348
         sợ       0.89      0.95      0.92      2317
         so       0.95      0.92      0.94       557
         Sở       0.87      0.84      0.85       345
         Sợ       0.50      0.11      0.18         9
         sờ       0.80      0.73      0.77       158
         sọ       0.00      0.00      0.00         5
         sộ       0.57      0.31      0.40        13
         Sơ       0.85      0.76      0.80        29
         sô       1.00      0.50      0.67        14
         Sô       0.40      0.33      0.36         6
         sớ       1.00      0.17      0.29         6
         sỏ       1.00      0.40      0.57        10
         sỡ       1.00      0.70      0.82        10
         Số       1.00      0.11      0.20         9
         So       0.00      0.00      0.00         9
         SỞ       0.00      0.00      0.00         2
         só       0.00      0.00      0.00         1
         sỗ       1.00      0.33      0.50         3
         sƠ       0.00      0.00      0.00         1
         sỢ       0.00      0.00      0.00         3
         SO       0.00      0.00      0.00         1
         Sờ       0.00      0.00      0.00         1
         Sỏ       0.00      0.00      0.00         1
         sồ       0.00      0.00      0.00         1
         SỐ       0.00      0.00      0.00         1

avg / total       0.89      0.89      0.89      5834
