[[1158    2    7    7  104    5    1    0    3    0    0    0    0    0
     0    0    0    0    0    0    0    0    0    0    0    0    0    0
     0]
 [  12  311    3    1   46    4    2    0    0    0    0    1    0    1
     0    0    0    0    0    0    0    0    0    0    0    0    0    0
     0]
 [  13    5  260    0   15    2    9    0    1    0    0    0    0    1
     0    0    0    0    0    0    0    0    0    0    0    0    0    0
     0]
 [  11    0    2  327    6    0    0    0    2    0    0    0    0    0
     0    0    0    0    0    0    0    0    0    0    0    0    0    0
     0]
 [  61   13    6    2 2190    6   21    0   14    0    0    3    0    1
     0    0    0    0    0    0    0    0    0    0    0    0    0    0
     0]
 [  13    2    0    1   23  515    1    1    1    0    0    0    0    0
     0    0    0    0    0    0    0    0    0    0    0    0    0    0
     0]
 [  20    2    4    5   21    2  290    0    1    0    0    0    0    0
     0    0    0    0    0    0    0    0    0    0    0    0    0    0
     0]
 [   0    0    0    0    8    0    0    1    0    0    0    0    0    0
     0    0    0    0    0    0    0    0    0    0    0    0    0    0
     0]
 [   6    3    0    0   28    0    4    0  116    0    1    0    0    0
     0    0    0    0    0    0    0    0    0    0    0    0    0    0
     0]
 [   3    0    0    0    1    1    0    0    0    0    0    0    0    0
     0    0    0    0    0    0    0    0    0    0    0    0    0    0
     0]
 [   0    0    0    0    3    0    0    0    6    0    4    0    0    0
     0    0    0    0    0    0    0    0    0    0    0    0    0    0
     0]
 [   1    3    0    1    2    0    0    0    0    0    0   22    0    0
     0    0    0    0    0    0    0    0    0    0    0    0    0    0
     0]
 [   3    0    0    0    1    0    1    0    0    0    2    0    7    0
     0    0    0    0    0    0    0    0    0    0    0    0    0    0
     0]
 [   3    0    0    0    1    0    0    0    0    0    0    0    0    2
     0    0    0    0    0    0    0    0    0    0    0    0    0    0
     0]
 [   1    0    0    0    4    0    0    0    0    0    0    0    0    0
     1    0    0    0    0    0    0    0    0    0    0    0    0    0
     0]
 [   1    0    1    0    2    1    0    0    1    0    0    0    0    0
     0    4    0    0    0    0    0    0    0    0    0    0    0    0
     0]
 [   0    0    1    0    2    0    0    0    0    0    0    0    0    0
     0    0    7    0    0    0    0    0    0    0    0    0    0    0
     0]
 [   5    0    0    0    2    0    0    0    0    0    0    0    0    0
     0    0    0    1    1    0    0    0    0    0    0    0    0    0
     0]
 [   0    0    0    0    1    7    1    0    0    0    0    0    0    0
     0    0    0    0    0    0    0    0    0    0    0    0    0    0
     0]
 [   0    0    1    0    0    0    1    0    0    0    0    0    0    0
     0    0    0    0    0    0    0    0    0    0    0    0    0    0
     0]
 [   1    0    0    0    0    0    0    0    0    0    0    0    0    0
     0    0    0    0    0    0    0    0    0    0    0    0    0    0
     0]
 [   1    0    0    0    1    0    0    0    0    0    0    0    0    0
     0    0    0    0    0    0    0    1    0    0    0    0    0    0
     0]
 [   0    1    0    0    0    0    0    0    0    0    0    0    0    0
     0    0    0    0    0    0    0    0    0    0    0    0    0    0
     0]
 [   0    1    0    0    2    0    0    0    0    0    0    0    0    0
     0    0    0    0    0    0    0    0    0    0    0    0    0    0
     0]
 [   1    0    0    0    0    0    0    0    0    0    0    0    0    0
     0    0    0    0    0    0    0    0    0    0    0    0    0    0
     0]
 [   0    0    0    0    0    0    1    0    0    0    0    0    0    0
     0    0    0    0    0    0    0    0    0    0    0    0    0    0
     0]
 [   0    0    0    0    0    0    1    0    0    0    0    0    0    0
     0    0    0    0    0    0    0    0    0    0    0    0    0    0
     0]
 [   0    0    0    1    0    0    0    0    0    0    0    0    0    0
     0    0    0    0    0    0    0    0    0    0    0    0    0    0
     0]
 [   0    0    0    0    0    0    1    0    0    0    0    0    0    0
     0    0    0    0    0    0    0    0    0    0    0    0    0    0
     0]]