             precision    recall  f1-score   support

        sợi       0.93      0.97      0.95       181
        Sói       0.00      0.00      0.00         2
        sói       0.82      0.88      0.85        77
        sôi       0.88      0.91      0.89        85
        sồi       1.00      0.67      0.80         3
        soi       0.82      0.79      0.80        80
        sợI       0.00      0.00      0.00         2
        sỏi       0.88      0.58      0.70        12
        sơi       0.00      0.00      0.00         2
        Soi       0.00      0.00      0.00         1
        sõi       0.00      0.00      0.00         1
        Sợi       0.00      0.00      0.00         1

avg / total       0.86      0.88      0.87       447
