             precision    recall  f1-score   support

        sơn       0.85      0.85      0.85       673
        Sơn       0.94      0.96      0.95      1809
        sờn       1.00      0.20      0.33         5
        son       0.80      0.36      0.50        33
        són       1.00      0.25      0.40         4
        sởn       1.00      0.14      0.25         7
        sồn       1.00      0.67      0.80         3
        sớn       0.00      0.00      0.00         1
        Son       0.00      0.00      0.00         1

avg / total       0.91      0.92      0.91      2536
