[[ 413    3   18   25    0   14    0    1    0    0    0    1    0    0
     0]
 [   5  333   39    4    0    0    0    0    0    0    0    0    0    0
     0]
 [  16   22  863   62    1    5    0    0    0    0    0    0    0    0
     0]
 [  27    4   56 1085    0   11    0    0    0    0    0    0    0    0
     0]
 [   2    1    6    1   26    0    0    0    0    0    0    0    0    0
     1]
 [  31    3   22   16    0  210    0    0    0    0    1    0    0    0
     0]
 [   2    0    1    8    0    0    1    0    0    0    0    0    0    0
     0]
 [   2    0    0    0    0    0    1    0    0    0    0    0    0    0
     0]
 [   1    0    0    0    0    1    0    0    0    0    0    0    0    0
     0]
 [   0    0    1    0    0    0    0    0    0    0    1    0    0    0
     0]
 [   0    0    0    1    0    0    0    0    0    0    1    0    0    0
     0]
 [   1    0    0    0    2    0    0    0    0    0    0    0    0    0
     0]
 [   0    0    0    0    1    0    0    0    0    0    0    0    0    0
     0]
 [   0    0    1    0    0    0    0    0    0    0    0    0    0    0
     0]
 [   0    0    0    0    0    0    0    0    0    0    0    0    0    0
     0]]