             precision    recall  f1-score   support

       sông       0.83      0.87      0.85       475
       Song       0.91      0.87      0.89       381
       song       0.86      0.89      0.87       969
       sống       0.90      0.92      0.91      1183
       sòng       0.87      0.70      0.78        37
       sóng       0.87      0.74      0.80       283
       Sống       0.50      0.08      0.14        12
       Sông       0.00      0.00      0.00         3
       Sóng       0.00      0.00      0.00         2
       sõng       0.00      0.00      0.00         2
       sỏng       0.33      0.50      0.40         2
       sồng       0.00      0.00      0.00         3
       SòNG       0.00      0.00      0.00         1
       SONG       0.00      0.00      0.00         1

avg / total       0.87      0.87      0.87      3354
