             precision    recall  f1-score   support

         sư       0.93      0.96      0.94      6750
         sử       0.87      0.81      0.84       819
         sự       0.91      0.93      0.92      3222
         sứ       0.90      0.79      0.84       312
         Sư       0.89      0.80      0.84      1075
         SỰ       1.00      1.00      1.00         2
         Sự       1.00      0.12      0.22        40
         Sứ       0.00      0.00      0.00         9
         su       0.00      0.00      0.00         5
         sú       0.00      0.00      0.00         5
         SƯ       0.00      0.00      0.00         2
         sụ       0.20      0.09      0.13        22
         sù       0.67      0.59      0.63        27
         Sử       0.91      0.66      0.76       103
         Su       1.00      1.00      1.00         6
         sủ       0.00      0.00      0.00         2
         sữ       0.00      0.00      0.00         2
         SỬ       0.00      0.00      0.00         1

avg / total       0.91      0.92      0.91     12404
