[[6484   45  136    6   79    0    0    0    0    0    0    0    0    0
     0    0    0    0]
 [  56  667   77    6    3    0    0    0    0    1    0    0    3    6
     0    0    0    0]
 [ 174   33 3002    5    5    0    0    0    0    0    0    3    0    0
     0    0    0    0]
 [  42    3   18  247    0    0    0    2    0    0    0    0    0    0
     0    0    0    0]
 [ 202    4   12    0  856    0    0    0    0    0    0    0    0    1
     0    0    0    0]
 [   0    0    0    0    0    2    0    0    0    0    0    0    0    0
     0    0    0    0]
 [   4    0   18    1   12    0    5    0    0    0    0    0    0    0
     0    0    0    0]
 [   4    0    0    5    0    0    0    0    0    0    0    0    0    0
     0    0    0    0]
 [   4    0    1    0    0    0    0    0    0    0    0    0    0    0
     0    0    0    0]
 [   0    3    0    2    0    0    0    0    0    0    0    0    0    0
     0    0    0    0]
 [   2    0    0    0    0    0    0    0    0    0    0    0    0    0
     0    0    0    0]
 [   1    0   14    0    0    0    0    0    0    0    0    2    5    0
     0    0    0    0]
 [   4    1    1    0    0    0    0    0    0    0    0    5   16    0
     0    0    0    0]
 [  13    6   12    2    2    0    0    0    0    0    0    0    0   68
     0    0    0    0]
 [   0    0    0    0    0    0    0    0    0    0    0    0    0    0
     6    0    0    0]
 [   0    2    0    0    0    0    0    0    0    0    0    0    0    0
     0    0    0    0]
 [   1    1    0    0    0    0    0    0    0    0    0    0    0    0
     0    0    0    0]
 [   0    0    1    0    0    0    0    0    0    0    0    0    0    0
     0    0    0    0]]