             precision    recall  f1-score   support

        Sức       0.00      0.00      0.00         8
        súc       0.97      0.82      0.89        92
        sức       0.97      0.99      0.98      1382
        sực       0.98      0.91      0.94        97
        sục       0.83      0.79      0.81        43
        Súc       0.00      0.00      0.00         1
        Sục       0.00      0.00      0.00         1
        sưc       0.00      0.00      0.00         1

avg / total       0.96      0.97      0.96      1625
