             precision    recall  f1-score   support

       sủng       0.84      0.88      0.86        85
       sững       0.76      0.81      0.78       150
       sừng       0.49      0.48      0.49        60
       sửng       0.96      0.95      0.96        86
       Sung       0.99      0.99      0.99       365
       sũng       0.88      0.58      0.70        12
       sùng       0.91      0.83      0.87        64
       sung       0.85      0.93      0.89       151
       Sùng       0.96      0.79      0.87        33
       sựng       0.00      0.00      0.00         2
       súng       0.86      0.85      0.85       156
       sưng       0.79      0.62      0.70        24
       Sủng       0.00      0.00      0.00         1
       Súng       0.00      0.00      0.00         1

avg / total       0.87      0.88      0.87      1190
