             precision    recall  f1-score   support

         ta       0.97      0.99      0.98     16170
         tà       0.86      0.71      0.78       441
         tạ       0.92      0.85      0.88       406
         tả       0.87      0.82      0.85       479
         Ta       0.96      0.87      0.92      1068
         Tả       0.95      0.87      0.91       377
         Tạ       0.89      0.44      0.59        54
         tá       0.86      0.38      0.53        50
         tã       1.00      0.50      0.67         4
         Tà       0.96      0.90      0.93       480
         tậ       0.00      0.00      0.00         1
         Tá       0.67      0.25      0.36         8
         tấ       0.00      0.00      0.00         1
         TÀ       0.00      0.00      0.00         1

avg / total       0.96      0.96      0.96     19540
