[[16056    22    22    40    19     7     0     0     0     3     0     1
      0     0]
 [  101   313     1     7     1     0     0     2     0    16     0     0
      0     0]
 [   57     0   345     0     1     1     2     0     0     0     0     0
      0     0]
 [   71     4     6   395     0     3     0     0     0     0     0     0
      0     0]
 [  131     0     0     1   934     1     0     0     0     1     0     0
      0     0]
 [   32     1     0     7     8   328     1     0     0     0     0     0
      0     0]
 [   22     2     1     1     4     0    24     0     0     0     0     0
      0     0]
 [   25     2     0     1     0     3     0    19     0     0     0     0
      0     0]
 [    2     0     0     0     0     0     0     0     2     0     0     0
      0     0]
 [   24    17     2     0     3     0     0     1     0   433     0     0
      0     0]
 [    1     0     0     0     0     0     0     0     0     0     0     0
      0     0]
 [    4     2     0     0     0     0     0     0     0     0     0     2
      0     0]
 [    0     0     0     0     0     1     0     0     0     0     0     0
      0     0]
 [    1     0     0     0     0     0     0     0     0     0     0     0
      0     0]]