             precision    recall  f1-score   support

        Tác       0.80      0.57      0.67         7
        tắc       0.88      0.71      0.78       100
        tác       0.93      0.96      0.94       670
        tặc       0.93      0.96      0.95       513
        tấc       0.85      0.79      0.82        43
        tạc       0.56      0.28      0.37        18
        Tắc       0.93      0.83      0.88        47
        Tặc       0.00      0.00      0.00         1
        Tấc       0.00      0.00      0.00         2
        TẤC       0.00      0.00      0.00         1

avg / total       0.91      0.92      0.92      1402
