[[3001   61   15   37    5    0    1    0   10    2    0    0    0    0
     0]
 [  58 1262    6   34    0   14    1    0    1    5    0    0    0    0
     0]
 [  22   18  166    5    0    1    0    0    0    2    0    0    0    0
     0]
 [  35   35    6  820    0    0    0    0    0    1    0    0    0    0
     0]
 [  79    0    0    0  464    0    0    0    0    0    0    0    0    0
     0]
 [   5    8    0    3    0  172    1    0    0    0    0    0    0    0
     0]
 [   4    2    0    6    0    0    5    0    0    0    0    0    0    0
     0]
 [   0    0    0    1    1    0    0    0    0    0    0    0    0    0
     0]
 [  29    0    0    0    0    0    0    0    0    0    0    0    0    0
     0]
 [   2    5    0    1    0    0    0    0    0   22    0    0    0    0
     0]
 [   0    0    0    1    0    0    0    0    0    0    0    0    0    0
     0]
 [   0    1    0    0    0    0    0    0    0    0    0    0    0    0
     0]
 [   1    0    0    0    0    0    0    0    0    0    0    0    0    0
     0]
 [   1    0    0    0    0    0    0    0    0    0    0    0    0    0
     0]
 [   0    1    0    0    0    0    0    0    0    0    0    0    0    0
     0]]