             precision    recall  f1-score   support

        tại       0.93      0.96      0.94      3132
        tài       0.91      0.91      0.91      1381
        tái       0.86      0.78      0.82       214
        tai       0.90      0.91      0.91       897
        Tại       0.99      0.85      0.92       543
        Tài       0.92      0.91      0.91       189
        tải       0.62      0.29      0.40        17
        Tai       0.00      0.00      0.00         2
        tạI       0.00      0.00      0.00        29
        Tái       0.69      0.73      0.71        30
        taị       0.00      0.00      0.00         1
        tàì       0.00      0.00      0.00         1
        tạị       0.00      0.00      0.00         1
        tạì       0.00      0.00      0.00         1
        tầi       0.00      0.00      0.00         1

avg / total       0.91      0.92      0.92      6439
