[[ 475    3   22    2    0    2    9    0    0    0    3    0    0    0
     0    0    1    0    0    0    0    0    0    0]
 [   7  362   53    5    4   10    5    0    0    0   24    0    1    0
     0    0    0    0    0    0    0    0    0    0]
 [  14   22 2973    4   11   22   28    1    2    0   12    0    5    0
     0    0    0    0    0    0    0    0    0    0]
 [   2    5   35  228    1    4    4    1    1    0    1    0    0    0
     0    0    0    0    0    0    0    0    0    0]
 [   2    1   41    1  144    1    3    1    2    0    4    0    0    1
     1    0    0    0    0    0    0    0    0    0]
 [   3   16   60    6    0  611   15    1    1    0    4    0    0    0
     0    0    0    0    0    0    0    0    0    0]
 [   3    9   73    1    0   14  668    0    0    0    1    0    0    0
     0    0    0    0    0    0    0    0    0    0]
 [   1    2    8    0    0    1    0  119    1    0    0    0    0    0
     0    0    0    0    0    0    0    0    0    0]
 [   2    2   21    1    0    2    4    0   40    0    0    0    3    0
     1    0    0    0    0    0    0    0    0    0]
 [   0    0    0    0    0    0    0    0    1    0    1    0    0    0
     0    0    0    0    0    0    0    0    0    0]
 [   1   48   33    1    2   12    6    0    0    0  743    0    0    0
     0    1    0    0    0    0    0    0    0    2]
 [   0    0    0    5    1    0    0    0    0    0    0    2    0    0
     0    0    0    0    0    0    0    0    0    0]
 [   0    0   14    1    0    1    3    0    0    0    1    0   46    0
     0    0    0    0    0    0    0    0    0    0]
 [   0    0    0    0    0    0   11    0    0    0    0    0    0    3
     1    0    0    0    0    0    0    0    0    0]
 [   0    0    4    0    0    7    0    0    0    0    2    0    0    0
     5    0    0    0    0    0    0    0    0    0]
 [   0    0    0    0    1    0    0    0    0    0    0    0    0    0
     0   30    0    0    0    0    0    0    0    0]
 [   0    0    1    0    0    0    0    0    0    0    0    0    0    0
     0    0    0    0    0    0    0    0    0    0]
 [   1    1    1    0    0    0    0    0    0    0    0    0    0    0
     0    0    0    0    0    0    0    0    0    0]
 [   0    1    3    0    0    1    1    0    0    0    0    0    0    0
     0    0    0    0    0    0    0    0    0    0]
 [   0    1    1    0    0    0    1    1    0    0    0    0    1    0
     0    0    0    0    0    0    0    0    0    0]
 [   0    0    1    0    0    0    0    0    0    0    0    0    0    0
     0    0    0    0    0    0    1    0    0    0]
 [   0    0    0    0    0    0    0    0    0    0    0    0    1    0
     0    0    0    0    0    0    0    0    0    0]
 [   0    1    2    0    0    1    0    0    0    0    0    0    0    0
     0    0    0    0    0    0    0    0    3    0]
 [   0    0    0    0    0    1    0    0    0    0    1    0    0    0
     0    0    0    0    0    0    0    0    0    0]]