             precision    recall  f1-score   support

        tầm       0.93      0.92      0.92       517
        tam       0.76      0.77      0.77       471
        tâm       0.89      0.96      0.92      3094
        tạm       0.89      0.81      0.85       282
        Tâm       0.88      0.71      0.79       202
        tám       0.89      0.85      0.87       717
        tấm       0.88      0.87      0.87       769
        tăm       0.96      0.90      0.93       132
        tắm       0.83      0.53      0.65        76
        Tắm       0.00      0.00      0.00         2
        Tam       0.93      0.88      0.90       849
        Tạm       1.00      0.25      0.40         8
        tẩm       0.81      0.70      0.75        66
        Tấm       0.75      0.20      0.32        15
        Tám       0.62      0.28      0.38        18
        Tàm       0.97      0.97      0.97        31
        tàm       0.00      0.00      0.00         1
        tậm       0.00      0.00      0.00         3
        Tầm       0.00      0.00      0.00         6
        TÂM       0.00      0.00      0.00         5
        tằm       1.00      0.50      0.67         2
        Tẩm       0.00      0.00      0.00         1
        Tằm       1.00      0.43      0.60         7
        TAM       0.00      0.00      0.00         2

avg / total       0.88      0.89      0.88      7276
