[[629   3   3   5   7   0   6   1   1   0   0   0   0   0   0   0   0   0
    0   0   0]
 [  0 374  41  22   7   0  10  16   0   0   0   0   0   0   0   0   0   0
    1   0   0]
 [ 10  23 351  24  11   3  19   6   1   1   0   2   0   0   0   1   0   0
    0   0   0]
 [  5  14   9 584  12   0  19   4   6   0   0   3   0   0   0   0   0   0
    0   0   0]
 [  7  10   6  20 697   6  13   1   3   1   0   7   1   0   0   1   0   0
    0   0   0]
 [  2   3   2   5   5 142   6   1   8   0   0   2   0   1   0   0   0   0
    0   0   0]
 [  1  11  11  29  11   0 353   3   9   0   1   3   0   0   0   0   0   0
    0   0   0]
 [  0  28   7   8   5   0   0  66   1   0   0   1   0   0   0   0   0   0
    0   0   0]
 [  4   2  10   9   8   4   6   0 133   0   0   1   0   0   0   1   0   0
    0   0   0]
 [  0   1   2   0   4   1   0   1   0  24   0   0   0   0   0   0   0   0
    0   0   0]
 [  0   0   0   0   0   0   0   1   0   0  10   0   0   0   0   0   0   0
    0   0   0]
 [  1   1   1   6  11   2   3   0   2   0   0 150   0   0   0   0   0   0
    0   0   0]
 [  0   0   0   0   0   0   0   0   0   0   0   0   1   0   0   0   0   0
    0   0   0]
 [  0   1   0   0   0   0   6   0   0   0   0   0   0  11   0   0   0   0
    0   0   0]
 [  0   3   0   1   0   0   0   0   0   0   0   0   0   0   1   0   0   0
    0   0   0]
 [  0   0   0   0   0   0   1   0   1   0   0   0   0   0   0  13   0   0
    0   0   0]
 [  0   0   1   2   1   0   0   0   0   0   0   0   0   0   0   0   0   0
    0   0   0]
 [  0   0   0   1   0   0   0   0   0   0   0   0   0   0   0   0   0   0
    0   0   0]
 [  0   0   0   0   0   0   0   0   0   0   0   0   0   0   0   0   0   0
    0   0   0]
 [  0   0   0   0   3   0   0   0   0   0   0   0   0   0   0   0   0   0
    0   0   1]
 [  0   0   0   0   0   0   0   0   0   0   0   0   0   0   0   0   0   0
    0   0   1]]