             precision    recall  f1-score   support

        tấn       0.95      0.96      0.96       655
        tan       0.79      0.79      0.79       471
        tán       0.79      0.78      0.78       452
        tận       0.82      0.89      0.85       656
        Tần       0.89      0.90      0.90       773
        Tân       0.90      0.80      0.85       177
        tàn       0.80      0.82      0.81       432
        tản       0.66      0.57      0.61       116
        tân       0.81      0.75      0.78       178
        tần       0.92      0.73      0.81        33
        tắn       0.91      0.91      0.91        11
        Tấn       0.89      0.85      0.87       177
        Tận       0.50      1.00      0.67         1
        Tán       0.92      0.61      0.73        18
        tăn       1.00      0.20      0.33         5
        Tàn       0.81      0.87      0.84        15
        tằn       0.00      0.00      0.00         4
        tặn       0.00      0.00      0.00         1
        tẫn       0.00      0.00      0.00         0
        Tẫn       0.00      0.00      0.00         4

avg / total       0.85      0.85      0.85      4180
