             precision    recall  f1-score   support

       tầng       0.85      0.91      0.88       217
       tặng       0.86      0.76      0.81       236
       tăng       0.88      0.94      0.91       921
       tàng       0.89      0.89      0.89       150
       tảng       0.90      0.91      0.90       170
       Tăng       0.90      0.93      0.92       275
       tang       0.74      0.45      0.56        75
       tâng       0.95      0.97      0.96        40
       Tạng       0.92      0.87      0.89        39
       táng       0.90      0.77      0.83        69
       tạng       0.91      0.95      0.93        21
       Tảng       0.00      0.00      0.00         3
       Tang       0.95      0.93      0.94        94
       Tằng       0.00      0.00      0.00         4
       tằng       0.90      0.64      0.75        14
       Tàng       0.82      0.67      0.74        21
       Tặng       0.00      0.00      0.00         1
       TĂNG       0.00      0.00      0.00         1

avg / total       0.88      0.88      0.88      2351
