[[198   1  13   1   1   0   1   0   0   1   0   0   1   0   0   0   0   0]
 [ 10 179  36   3   0   2   4   0   1   0   0   0   0   0   0   0   1   0]
 [ 10  11 864   3  10  13   2   1   1   2   2   0   1   0   0   1   0   0]
 [  3   1   9 133   2   2   0   0   0   0   0   0   0   0   0   0   0   0]
 [  2   3   6   3 154   1   1   0   0   0   0   0   0   0   0   0   0   0]
 [  0   3  13   0   0 257   0   0   0   0   0   0   0   1   0   1   0   0]
 [  9   4  19   2   0   1  34   0   0   3   0   0   3   0   0   0   0   0]
 [  0   1   0   0   0   0   0  39   0   0   0   0   0   0   0   0   0   0]
 [  0   1   0   0   1   2   1   0  34   0   0   0   0   0   0   0   0   0]
 [  0   3   7   2   1   0   2   1   0  53   0   0   0   0   0   0   0   0]
 [  0   0   1   0   0   0   0   0   0   0  20   0   0   0   0   0   0   0]
 [  0   0   0   1   2   0   0   0   0   0   0   0   0   0   0   0   0   0]
 [  0   0   4   0   0   2   0   0   0   0   0   0  87   0   0   1   0   0]
 [  0   0   0   0   0   3   0   0   0   0   0   0   0   0   1   0   0   0]
 [  0   0   3   0   0   1   0   0   1   0   0   0   0   0   9   0   0   0]
 [  1   1   2   2   0   1   0   0   0   0   0   0   0   0   0  14   0   0]
 [  0   0   0   0   0   0   1   0   0   0   0   0   0   0   0   0   0   0]
 [  0   0   1   0   0   0   0   0   0   0   0   0   0   0   0   0   0   0]]