             precision    recall  f1-score   support

        tạo       0.93      0.99      0.96       609
        Tào       0.97      0.96      0.96       298
        tảo       0.92      0.56      0.70        43
        táo       0.92      0.87      0.89        38
        Tạo       0.00      0.00      0.00         3
        tao       0.70      0.54      0.61        48
        Tao       0.50      0.33      0.40         3
        tào       1.00      0.67      0.80         6
        Tảo       0.33      1.00      0.50         1

avg / total       0.93      0.93      0.92      1049
