             precision    recall  f1-score   support

        tập       0.94      0.98      0.96       750
        táp       1.00      0.54      0.70        26
        tạp       0.93      0.88      0.91       145
        tấp       0.99      0.96      0.98       102
        Tập       0.77      0.62      0.69        32
        tắp       1.00      0.88      0.93         8
        tap       0.00      0.00      0.00         1
        Tạp       0.00      0.00      0.00         2
        TÁP       0.00      0.00      0.00         1

avg / total       0.94      0.94      0.93      1067
