[[ 181   34    1    0    0    0    0    0    0    0    0    0]
 [   7 1827    5    5    0    1    0    1    1    0    0    0]
 [   2   24  123    3    2    2    0    0    0    0    0    0]
 [   0   19    2   65   12    0    0    0    0    0    0    0]
 [   4    5    0   13  106    0    0    0    0    0    0    0]
 [   0    7    1    3    0   29    1    0    0    0    0    0]
 [   0    0    0    0    0    3   27    0    0    0    0    0]
 [   0    5    4    1    0    0    0   11    0    0    0    0]
 [   0    0    0    0    0    0    0    0    0    0    0    0]
 [   0    0    0    1    0    0    0    0    0    0    0    0]
 [   1    0    0    0    0    0    0    0    0    0    0    0]
 [   0    1    0    0    0    0    0    0    0    0    0    0]]