             precision    recall  f1-score   support

        Tất       0.94      0.84      0.89       216
        tất       0.95      0.99      0.97      1847
        tắt       0.89      0.78      0.83       156
        tát       0.71      0.64      0.67        98
        Tát       0.88      0.84      0.86       128
        tật       0.91      0.73      0.81        41
        Tật       1.00      0.97      0.98        30
        tạt       1.00      0.48      0.65        21
        tat       0.00      0.00      0.00         0
        Tắt       0.00      0.00      0.00         1
        tât       0.00      0.00      0.00         1

avg / total       0.93      0.93      0.93      2540
