             precision    recall  f1-score   support

        tẩu       0.84      0.93      0.88       188
        tấu       0.74      0.78      0.76       116
        tậu       0.00      0.00      0.00         2
        tâu       0.74      0.77      0.75       163
        Tâu       1.00      0.81      0.89        26
        tàu       0.76      0.40      0.53        47
        Tẩu       0.83      0.83      0.83        18
        tầu       0.40      0.29      0.33         7
        Tàu       0.00      0.00      0.00         2
        Tấu       0.00      0.00      0.00         2
        tau       0.40      0.57      0.47         7
        tẩụ       0.00      0.00      0.00         1
        táu       0.00      0.00      0.00         1

avg / total       0.77      0.78      0.77       580
