[[175   2   0   7   0   1   3   0   0   0   0   0   0]
 [  5  90   0  19   0   0   0   1   0   1   0   0   0]
 [  1   0   0   1   0   0   0   0   0   0   0   0   0]
 [ 12  19   0 126   0   1   0   0   0   0   5   0   0]
 [  0   0   0   5  21   0   0   0   0   0   0   0   0]
 [ 10   6   0   9   0  19   0   2   0   0   1   0   0]
 [  1   0   0   2   0   0  15   0   0   0   0   0   0]
 [  1   1   0   0   0   3   0   2   0   0   0   0   0]
 [  0   1   0   1   0   0   0   0   0   0   0   0   0]
 [  0   1   0   0   0   1   0   0   0   0   0   0   0]
 [  2   0   0   1   0   0   0   0   0   0   4   0   0]
 [  1   0   0   0   0   0   0   0   0   0   0   0   0]
 [  0   1   0   0   0   0   0   0   0   0   0   0   0]]