             precision    recall  f1-score   support

        tay       0.97      1.00      0.98      8267
        tây       0.53      0.47      0.50       184
        Tây       0.85      0.68      0.75       626
        TẩY       0.00      0.00      0.00         1
        Tẩy       0.00      0.00      0.00         1
        tầy       0.40      0.47      0.43        17
        tày       0.80      0.49      0.61        41
        Tay       0.50      0.09      0.15        22
        tẩy       0.40      0.10      0.16        20
        tấy       0.00      0.00      0.00         3
        taỵ       0.00      0.00      0.00         1
        TAY       0.00      0.00      0.00         1
        Tấy       0.00      0.00      0.00         1
        Tâỵ       0.00      0.00      0.00         2

avg / total       0.95      0.96      0.95      9187
