             precision    recall  f1-score   support

         tệ       0.79      0.78      0.79       193
         tế       0.86      0.92      0.89       412
         Tề       0.89      0.93      0.91       459
         té       0.89      0.90      0.89       282
         Tế       0.94      0.88      0.91       180
         Té       0.95      0.93      0.94       234
         tê       0.94      0.83      0.88        93
         tề       0.91      0.88      0.89       112
         te       0.50      0.33      0.40         3
         tể       0.93      0.62      0.74        21
         Tệ       0.74      0.54      0.62        26
         Tê       0.00      0.00      0.00         1
         tẻ       0.33      0.50      0.40         2
         tẹ       0.00      0.00      0.00         1
         Tể       1.00      0.50      0.67         6

avg / total       0.89      0.89      0.88      2025
