[[151  17  16   3   1   0   1   0   0   0   3   0   1   0   0]
 [ 11 379  11   1   5   1   2   2   0   0   0   0   0   0   0]
 [  9  10 428   3   3   0   0   5   0   0   1   0   0   0   0]
 [  4   5   5 254   0   9   2   3   0   0   0   0   0   0   0]
 [  2  10  10   0 158   0   0   0   0   0   0   0   0   0   0]
 [  0   0   0  17   0 217   0   0   0   0   0   0   0   0   0]
 [  2   6   2   4   0   0  77   0   1   0   0   0   1   0   0]
 [  2   8   2   2   0   0   0  98   0   0   0   0   0   0   0]
 [  0   2   0   0   0   0   0   0   1   0   0   0   0   0   0]
 [  1   3   2   2   0   0   0   0   0  13   0   0   0   0   0]
 [  6   1   2   0   1   2   0   0   0   0  14   0   0   0   0]
 [  0   1   0   0   0   0   0   0   0   0   0   0   0   0   0]
 [  1   0   0   0   0   0   0   0   0   0   0   0   1   0   0]
 [  1   0   0   0   0   0   0   0   0   0   0   0   0   0   0]
 [  0   0   1   0   0   0   0   0   0   1   1   0   0   0   3]]