             precision    recall  f1-score   support

        thà       0.90      0.81      0.85       114
        thả       0.79      0.79      0.79       221
        tha       0.88      0.91      0.89       512
        thá       1.00      1.00      1.00        12
        Tha       0.00      0.00      0.00         2
        thấ       0.00      0.00      0.00         1
        Thả       0.50      0.25      0.33         4
        Thà       0.00      0.00      0.00         4
        thắ       0.00      0.00      0.00         2
        Thắ       1.00      1.00      1.00         1

avg / total       0.85      0.86      0.85       873
