[[ 755    4    9    0   19    9    3    1    0    0    0    1    0    1
     0    1    0    0    0    0    0    0    0]
 [  20  319    6    0    6   13    0    5    1    0    0    0    0    0
     0    4    0    0    0    0    0    0    0]
 [   8    7  332    2   14    6    0    4    0    0    0    1    0    0
     0    0    0    0    0    0    0    0    0]
 [   9    2    5   32    5    0    0    0    0    0    0    0    0    0
     0    0    0    0    0    0    0    0    0]
 [  11    5    9    0 1324    4    0    1    3    0    0    0    0    0
     0    0    0    0    0    0    0    0    0]
 [  16   15    6    0    4  224    0    1    1    0    0   14    1    0
     0    1    0    0    3    0    0    0    0]
 [   1    2    0    0    4    0  281    0    0    0    0    0    0    0
     0    0    0    0    0    0    0    0    0]
 [   3    3    5    1    4    3    0  108    0    0    0    0    0    0
     0    1    0    0    0    0    0    0    0]
 [   2    1    0    0    3    1    0    0   38    0    0    3    0    0
     0    0    0    0    0    0    0    0    0]
 [   0    0    2    0    0    0    0    0    0    0    0    0    0    0
     0    0    0    0    0    0    0    0    0]
 [   0    0    1    0    1    2    0    1    0    0    2    2    0    0
     0    0    0    0    0    0    0    0    0]
 [   6    1    2    1    3    9    1    0    1    0    0   81    0    0
     0    0    0    0    0    0    0    0    0]
 [   2   11    0    0    1    0    0    0    0    0    0    0    2    0
     1    0    0    0    0    0    0    0    0]
 [   0    1    3    0    2    0    0    3    0    0    0    1    0    5
     0    0    0    0    0    0    0    0    0]
 [   4    0    1    0    2    0    0    1    0    0    0    0    0    0
     0    0    0    0    0    0    0    0    0]
 [   0    5    0    0    3    3    0    0    0    0    0    0    0    0
     0   81    0    0    0    0    0    0    0]
 [   0    0    0    0    0    0    7    0    0    0    0    0    0    0
     0    0    0    0    0    0    0    0    0]
 [   0    0    0    0    1    0    0    0    0    0    0    0    0    0
     0    0    0    0    0    0    0    0    0]
 [   2    1    0    0    1    2    0    0    0    0    0    0    0    0
     0    2    0    0   16    0    0    0    0]
 [   0    0    0    0    0    0    0    4    0    0    0    0    1    0
     0    0    0    0    0    0    0    0    0]
 [   0    2    1    0    0    0    0    0    0    0    0    0    0    0
     0    0    0    0    0    0    0    0    0]
 [   0    0    0    1    0    0    0    0    0    0    0    0    0    0
     0    0    0    0    0    0    0    0    0]
 [   0    0    1    0    0    1    0    0    0    0    0    0    0    0
     0    0    0    0    0    0    0    0    0]]