             precision    recall  f1-score   support

       thâm       0.90      0.94      0.92       803
       tham       0.84      0.85      0.85       374
       thảm       0.87      0.89      0.88       374
       thấm       0.86      0.60      0.71        53
       thầm       0.95      0.98      0.96      1357
       thăm       0.81      0.78      0.80       286
       thậm       0.96      0.98      0.97       288
       thám       0.84      0.84      0.84       128
       thẩm       0.86      0.79      0.83        48
       thãm       0.00      0.00      0.00         2
       thẫm       1.00      0.22      0.36         9
       thẳm       0.79      0.77      0.78       105
       Tham       0.50      0.12      0.19        17
       thắm       0.83      0.33      0.48        15
       Thâm       0.00      0.00      0.00         8
       Thẫm       0.90      0.88      0.89        92
       Thậm       0.00      0.00      0.00         7
       Thầm       0.00      0.00      0.00         1
       Thẩm       0.84      0.67      0.74        24
       Thám       0.00      0.00      0.00         5
       thàm       0.00      0.00      0.00         3
       Thấm       0.00      0.00      0.00         1
       Thảm       0.00      0.00      0.00         2

avg / total       0.89      0.90      0.89      4002
