[[ 324   15   20   21    7    1    0    7    0    0    0    0    0    0
     0    0    0]
 [   2  404    9   16    0    1    0    1    0    0    0    0    0    0
     0    0    0]
 [   7   13 1213   33    0    2    0    2    1    0    0    0    0    0
     0    0    0]
 [  17   14   33  629    0    2    1    5    0    0    0    0    1    0
     0    0    0]
 [  21    0    1    0  155    0    0    0    0    0    0    0    0    3
     0    0    0]
 [   3    8    8   11    0   67    0    0    0    0    1    0    0    0
     0    0    0]
 [   1    0    2    7    1    1   23    0    0    0    0    0    0    0
     0    0    0]
 [   4    4   12    6    0    2    0  102    1    0    0    0    1    0
     0    0    0]
 [   0    0    0    0    0    0    0    0   17    0    0    0    0    0
     0    0    0]
 [   0    1    0    2    0    0    0    0    0   15    0    0    0    0
     0    0    0]
 [   0    1    3    2    0    0    0    0    0    0   23    0    0    0
     0    0    0]
 [   0    2    0    1    2    0    0    0    0    0    0    1    0    0
     0    0    0]
 [   0    0    1    1    0    0    0    0    0    0    0    0   28    1
     0    0    0]
 [   0    0    1    0    0    0    0    0    0    0    0    0    0    0
     0    0    0]
 [   0    0    2    0    0    0    0    0    0    0    0    0    0    0
     0    0    0]
 [   0    1    0    0    0    0    0    0    0    0    0    0    0    0
     0    0    0]
 [   0    0    0    0    0    0    0    0    0    0    0    0    0    0
     0    0    1]]