             precision    recall  f1-score   support

      thằng       0.85      0.82      0.84       395
      tháng       0.87      0.93      0.90       433
      thẳng       0.93      0.95      0.94      1271
      thắng       0.86      0.90      0.88       702
      Thằng       0.94      0.86      0.90       180
      thang       0.88      0.68      0.77        98
      Thắng       0.96      0.66      0.78        35
      thăng       0.87      0.77      0.82       132
      thặng       0.89      1.00      0.94        17
      thảng       1.00      0.83      0.91        18
      Thang       0.96      0.79      0.87        29
      Tháng       1.00      0.17      0.29         6
      Thăng       0.93      0.90      0.92        31
      Thẳng       0.00      0.00      0.00         1
      thàng       0.00      0.00      0.00         2
      THÁNG       0.00      0.00      0.00         1
      Thàng       1.00      1.00      1.00         1

avg / total       0.90      0.90      0.89      3352
