[[3157  262   11    1    1    0    0   40    2    6    0    2    0    0
     0    0    0    1    0    0    0    0    0    0]
 [ 210 4773    7    2    1    2    2   12    0    3   15    0    0    0
     0    0    0    0    0    0    0    0    0    0]
 [   5    7  342    0    0    0    0    0    0    0    0    0    0    0
     0    0    0    0    0    0    0    0    0    0]
 [   0    4    0   15    0    0    0    0    0    7    0    0    0    0
     0    0    0    1    0    0    0    0    0    0]
 [   3    5    0    0   38    0    0    0    0    2    0    0    0    0
     0    0    0    0    0    0    0    0    0    0]
 [   3    5    0    0    0  296    0    0    0    0    0    0    0    0
     0    0    0    0    0    0    0    0    0    0]
 [   0    0    0    0    0    0   48    0    0    0    0    0    0    0
     0    0    0    0    0    0    0    0    0    0]
 [  82   42    1    0    0    0    0  368    1    0    4    0    0    0
     0    0    0    0    0    1    0    0    0    0]
 [   0    0    0    0    0    0    0    0    1    0    0    0    0    0
     0    0    0    0    0    0    0    0    0    0]
 [  20   35    0    3    2    0    0    2    0  194    0    0    0    0
     0    0    0    0    0    0    0    0    0    0]
 [   4   65    0    0    0    0    0    2    0    0  246    0    0    0
     0    0    0    0    0    0    0    0    0    0]
 [   5    0    0    0    1    0    0    0    0    0    0    0    0    0
     0    0    0    0    0    0    0    0    0    0]
 [   0    0    1    0    0    0    0    0    0    0    0    0    1    0
     0    0    0    0    0    0    0    0    0    0]
 [   1    0    0    1    0    0    0    0    0    0    0    0    0    0
     0    0    0    0    0    0    0    0    0    0]
 [   1    1    0    0    0    0    0    0    0    0    0    0    0    0
    10    0    0    0    0    0    0    0    0    0]
 [   1    0    0    0    0    0    0    0    0    0    0    0    0    0
     0    0    0    0    0    0    0    0    0    0]
 [   1    0    0    0    0    0    0    0    0    0    0    0    0    0
     0    0    1    0    0    0    0    0    0    0]
 [   1    0    0    1    0    0    0    0    0    2    0    0    0    0
     0    0    0    0    0    0    0    0    0    0]
 [   3    2    0    0    0    0    0    0    0    0    0    0    0    0
     0    0    0    0   14    0    0    0    0    0]
 [   0    1    0    0    0    0    0    0    0    0    0    0    0    0
     0    0    0    0    0    0    0    0    0    0]
 [   0    0    0    0    0    1    0    0    0    0    0    0    0    0
     0    0    0    0    0    0    0    0    0    0]
 [   0    0    0    0    0    0    0    1    0    0    0    0    0    0
     0    0    0    0    0    0    0    0    0    0]
 [   0    1    0    0    0    0    0    0    0    0    0    0    0    0
     0    0    0    0    0    0    0    0    0    0]
 [   0    1    0    0    0    0    0    0    0    0    0    0    0    0
     0    0    0    0    0    0    0    0    0    0]]