[[2463   92  112   60    0    6    5    0    0    0    0]
 [  50 5197  140   39    0   19   10    0    0    2    0]
 [  78  203 2913    6    0   19    4    0    0    0    0]
 [  44   90   20  904    0    8    2    0    0    0    0]
 [   1    1    0    0    0    2    0    0    0    0    0]
 [   9   72   24    1    0  237   53    0    0    0    0]
 [   6   48    7    2    0   65  147    0    0    0    0]
 [   0    3    0    0    0    0    0    0    0    0    0]
 [   0    1    0    0    0    0    0    0    0    0    0]
 [   0    2    1    0    0    0    0    0    0    5    0]
 [   0    1    0    0    0    0    0    0    0    0    0]]