             precision    recall  f1-score   support

       thần       0.90      0.91      0.90      3483
       thân       0.92      0.95      0.93      5027
       thận       0.94      0.97      0.96       354
       thẫn       0.65      0.56      0.60        27
       thán       0.88      0.79      0.84        48
       thản       0.99      0.97      0.98       304
       thắn       0.96      1.00      0.98        48
       Thần       0.87      0.74      0.80       499
       THẦN       0.25      1.00      0.40         1
       than       0.91      0.76      0.83       256
       Thân       0.93      0.78      0.85       317
       thấn       0.00      0.00      0.00         6
       Thận       1.00      0.50      0.67         2
       Than       0.00      0.00      0.00         2
       Thán       1.00      0.83      0.91        12
       thàn       0.00      0.00      0.00         1
       thằn       1.00      0.50      0.67         2
       thẩn       0.00      0.00      0.00         4
       Thản       1.00      0.74      0.85        19
       Thàn       0.00      0.00      0.00         1
       thãn       0.00      0.00      0.00         1
       THần       0.00      0.00      0.00         1
       thăn       0.00      0.00      0.00         1
       THÂN       0.00      0.00      0.00         1

avg / total       0.91      0.91      0.91     10417
