             precision    recall  f1-score   support

       Thảo       0.80      0.87      0.83        46
       tháo       0.84      0.86      0.85       150
       thảo       0.81      0.88      0.84       190
       thao       0.95      0.86      0.90        84
       Thao       0.97      0.99      0.98       106
       Tháo       1.00      0.58      0.74        24
       thão       0.00      0.00      0.00         1
       thạo       0.93      0.65      0.76        20
       thào       0.93      0.93      0.93        14
       Thào       0.00      0.00      0.00         1

avg / total       0.87      0.87      0.87       636
