             precision    recall  f1-score   support

       thập       0.91      0.81      0.86       277
       thấp       0.92      0.98      0.95       730
       Thập       0.92      0.94      0.93       357
       thắp       0.87      0.76      0.81        71
       Thấp       0.93      1.00      0.97        14
       Tháp       0.98      0.91      0.94        46
       tháp       0.70      0.35      0.47        20
       THậP       0.00      0.00      0.00         1

avg / total       0.92      0.92      0.92      1516
