[[4125   44    3    4    1    5    0    1    0    0    0]
 [ 116  990    1   18    0    0    0    0    1    0    0]
 [  15    1   39    0    0    0    0    0    0    0    0]
 [  31   28    0  139    1    3    0    0    0    0    0]
 [   5    0    0    0  235    0    0    0    0    0    0]
 [  53    0    0    2    0  110    0    0    0    0    0]
 [   0    0    0    0    1    0    0    0    0    0    0]
 [   0    0    0    0    0    0    0    0    0    0    0]
 [   0    0    0    0    0    0    0    0    0    0    0]
 [   0    1    0    0    0    0    0    0    0    0    0]
 [   0    1    0    0    0    0    0    0    0    0    0]]