             precision    recall  f1-score   support

       thật       0.95      0.99      0.97      4183
       thất       0.93      0.88      0.90      1126
       thắt       0.91      0.71      0.80        55
       Thất       0.85      0.69      0.76       202
       Thát       0.99      0.98      0.98       240
       Thật       0.93      0.67      0.78       165
       thát       0.00      0.00      0.00         1
       THẤT       0.00      0.00      0.00         0
       thât       0.00      0.00      0.00         0

avg / total       0.94      0.94      0.94      5974
