[[11167     4     4    74     2     0     3     0     0     0     0     0
      0]
 [    5   109     0     0     0     0     0     0     1     3     0     0
      0]
 [    6     0     0     0     0     0     0     0     0     0     0     0
      0]
 [  204     0     0   735     0     0     0     0     0     0     0     0
      0]
 [   32     0     0     3    67     0     0     1     0     0     0     0
      0]
 [   21     0     0     0     0     0     0     0     0     0     2     0
      0]
 [   26     0     0     2     0     0    30     0     0     0     0     0
      0]
 [    2     0     0     0     2     0     0     0     0     0     0     0
      0]
 [    0     0     0     0     0     0     0     0     0     0     0     0
      0]
 [    3    11     0     0     0     0     0     0     0     0     0     0
      0]
 [    1     0     0     1     0     0     0     0     0     0     0     0
      0]
 [    2     0     0     0     2     0     0     0     0     0     0     0
      0]
 [    1     0     0     0     0     0     0     0     0     0     0     0
      0]]