             precision    recall  f1-score   support

       thấy       0.97      0.99      0.98     11254
       thảy       0.88      0.92      0.90       118
       tháy       0.00      0.00      0.00         6
       thay       0.90      0.78      0.84       939
       thầy       0.92      0.65      0.76       103
       Thấy       0.00      0.00      0.00        23
       thây       0.91      0.52      0.66        58
       thày       0.00      0.00      0.00         4
       thẩy       0.00      0.00      0.00         0
       Thay       0.00      0.00      0.00        14
       Thầy       0.00      0.00      0.00         2
       thâý       0.00      0.00      0.00         4

avg / total       0.96      0.97      0.96     12526
