             precision    recall  f1-score   support

        Thể       0.50      0.40      0.44         5
        thể       0.98      0.98      0.98      9844
        thế       0.95      0.97      0.96      7749
        thê       0.90      0.85      0.87       342
        thề       0.84      0.44      0.58        82
        the       0.68      0.54      0.60        28
        thé       0.40      0.25      0.31        16
        Thế       0.98      0.92      0.95      1245
        thệ       0.94      0.89      0.92        38
        thè       0.91      0.97      0.94        31
        thẻ       0.97      0.53      0.68        53
        Thê       0.00      0.00      0.00         2
        Thè       0.00      0.00      0.00         2
        The       0.00      0.00      0.00         2

avg / total       0.96      0.96      0.96     19439
