[[   2    1    1    0    0    0    0    1    0    0    0    0    0    0]
 [   2 9612  219    3    1    0    0    5    0    1    1    0    0    0]
 [   0  207 7493   25    5    0    0   16    2    1    0    0    0    0]
 [   0    8   39  292    0    0    0    2    0    0    0    1    0    0]
 [   0   13   31    1   36    0    0    1    0    0    0    0    0    0]
 [   0    3    4    0    0   15    6    0    0    0    0    0    0    0]
 [   0    0    5    0    0    7    4    0    0    0    0    0    0    0]
 [   0    6   88    3    1    0    0 1147    0    0    0    0    0    0]
 [   0    1    3    0    0    0    0    0   34    0    0    0    0    0]
 [   0    0    1    0    0    0    0    0    0   30    0    0    0    0]
 [   0    6   19    0    0    0    0    0    0    0   28    0    0    0]
 [   0    0    0    2    0    0    0    0    0    0    0    0    0    0]
 [   0    0    0    0    0    0    0    1    0    1    0    0    0    0]
 [   0    0    2    0    0    0    0    0    0    0    0    0    0    0]]