             precision    recall  f1-score   support

        thì       0.96      0.99      0.97     15575
        thi       0.92      0.83      0.87       963
        thị       0.84      0.69      0.76      1319
        Thị       0.95      0.84      0.89       342
        thí       0.89      0.87      0.88       359
        Thì       0.90      0.55      0.68        49
        Thi       0.94      0.87      0.90       274
        Thí       1.00      0.71      0.83        17
        thỉ       0.00      0.00      0.00         8

avg / total       0.95      0.95      0.95     18906
