[[2027  131    0    5   17    1    8    0    0    0    0    0]
 [ 118 2114    1    2    5    0    3    0    0    0    0    0]
 [   4    2  288    0    0    0    6    0    0    0    0    0]
 [  12   13    0  262    5    0    1    0    0    0    0    0]
 [  29   16    0    3  142    1    6    0    0    0    0    0]
 [   3    3    0    0    0    7    0    0    0    0    0    0]
 [  14   17    9    0    5    1  168    0    0    0    0    0]
 [   2    5    0    0    0    0    0    2    0    0    0    0]
 [   1    7    0    0    0    0    0    0    9    0    0    0]
 [   0    1    0    0    0    0    0    0    0    0    0    0]
 [   1    0    0    0    0    0    0    0    0    0    0    0]
 [   0    1    0    0    0    0    0    0    0    0    0    0]]