             precision    recall  f1-score   support

      thiên       0.92      0.93      0.92      2189
      Thiên       0.92      0.94      0.93      2243
      Thiền       0.97      0.96      0.96       300
      Thiện       0.96      0.89      0.93       293
      thiện       0.82      0.72      0.77       197
      thiển       0.70      0.54      0.61        13
      thiền       0.88      0.79      0.83       214
      thiến       1.00      0.22      0.36         9
      Thiến       1.00      0.53      0.69        17
      Thien       0.00      0.00      0.00         1
      THIÊN       0.00      0.00      0.00         1
      THiên       0.00      0.00      0.00         1

avg / total       0.92      0.92      0.91      5478
