[[ 87   0   1  17   2   0   0   0   0   0   0]
 [  0  17   0   1   1   2   0   0   0   0   0]
 [  1   0 166   2   0   0   0   0   0   0   0]
 [  5   0   3 283   0   1   0   0   0   0   0]
 [  4   2   1   7  44   0   0   0   0   0   0]
 [  1   0   0   2   1  14   0   0   0   0   1]
 [  4   0   0   8   0   0  52   0   0   0   0]
 [  0   0   0   1   0   0   0   1   0   0   0]
 [  0   0   1   5   0   0   0   0   0   0   0]
 [  0   0   2   0   0   0   0   0   0   0   0]
 [  0   0   0   0   0   0   0   0   0   0   0]]