             precision    recall  f1-score   support

        thô       0.82      0.80      0.81       179
        thọ       0.82      0.72      0.77       177
        thờ       0.74      0.68      0.71       128
        thở       0.94      0.97      0.96      1847
        thổ       0.66      0.64      0.65       228
        Thọ       0.67      0.50      0.57        36
        Thổ       0.76      0.45      0.56        56
        thố       1.00      0.30      0.46        10
        thò       0.90      0.90      0.90       321
        thơ       0.76      0.82      0.79       224
        tho       1.00      0.80      0.89         5
        thỏ       0.84      0.85      0.84        66
        thớ       1.00      0.83      0.91         6
        thợ       0.73      0.71      0.72        63
        Thơ       1.00      0.14      0.25         7
        Thợ       0.00      0.00      0.00         1
        Thở       0.00      0.00      0.00         2
        thồ       0.00      0.00      0.00         1

avg / total       0.87      0.87      0.87      3357
