[[ 144    1    0   13    4    0    1    0    6    7    0    1    0    2
     0    0    0    0]
 [   3  128    0   15   11    1    1    0    3   12    0    1    0    2
     0    0    0    0]
 [   2    3   87   22    6    0    0    0    0    6    0    2    0    0
     0    0    0    0]
 [   2    1   14 1799   14    1    1    0    5    8    0    2    0    0
     0    0    0    0]
 [  12    6    7   26  145    2    3    0    8    9    0    1    0    9
     0    0    0    0]
 [   2    8    3    1    0   18    0    0    0    3    0    0    0    1
     0    0    0    0]
 [   2    1    0    4   20    0   25    0    0    3    0    0    0    1
     0    0    0    0]
 [   1    0    0    2    3    0    0    3    0    0    0    1    0    0
     0    0    0    0]
 [   1    1    2   17    7    0    1    0  290    1    0    1    0    0
     0    0    0    0]
 [   4    7    3   12    5    3    0    0    3  184    0    2    0    1
     0    0    0    0]
 [   0    0    0    0    1    0    0    0    0    0    4    0    0    0
     0    0    0    0]
 [   2    0    1    0    1    0    0    0    4    2    0   56    0    0
     0    0    0    0]
 [   0    0    0    0    0    0    0    0    0    1    0    0    5    0
     0    0    0    0]
 [   1    1    1    7    1    0    1    0    2    4    0    0    0   45
     0    0    0    0]
 [   0    0    0    0    0    2    0    0    1    3    0    0    0    0
     1    0    0    0]
 [   0    0    0    0    0    0    0    0    0    0    0    0    0    1
     0    0    0    0]
 [   0    0    0    2    0    0    0    0    0    0    0    0    0    0
     0    0    0    0]
 [   0    0    0    0    1    0    0    0    0    0    0    0    0    0
     0    0    0    0]]