             precision    recall  f1-score   support

       thoả       0.17      0.22      0.19        37
       thỏa       0.72      0.72      0.72       136
       thóa       0.71      0.86      0.78       194
       thõa       0.00      0.00      0.00         1
       thoá       0.38      0.20      0.26        84
       thoa       0.94      0.62      0.74        26
       Thoa       0.77      0.71      0.74        28
       Thóa       0.00      0.00      0.00         1
       thoã       0.00      0.00      0.00         1
       THóA       0.00      0.00      0.00         1

avg / total       0.63      0.64      0.62       509
