[[3169    0    0    8   13    1    2    2    0    2    0    0    0    0
     0    1    2    0    0    0    0]
 [  23    4    0    0    0    0    0    0    3    0    0    0    0    0
     0    0    0    0    0    0    0]
 [   0    0   14    0    0    0    0    0    0    0    0    0    0    0
     0    0    0    0    0    0    0]
 [  27    0    0  274   14    0    2    0    0    0    0    0    0    0
     0    0    0    0    0    0    0]
 [  43    0    0   13  190    0    3    0    3    0    0    0    0    0
     0    0    0    0    0    0    0]
 [  15    0    0    8    4   47    2    0    0    0    0    0    0    0
     0    0    0    0    0    0    0]
 [  19    0    0    1   11    0  131    0    0    0    0    0    0    0
     0    0    0    0    0    0    0]
 [   5    0    0    2    3    0    0   37    0    0    0    0    0    0
     0    0    0    0    0    0    0]
 [  15    4    2    8   10    0    1    0   65    0    0    0    0    0
     0    0    0    0    0    0    0]
 [  16    0    0    0    0    0    0    0    0    2    0    0    0    0
     0    0    0    0    0    0    0]
 [   0    0    0    0    0    0    5    0    0    0    0    0    0    0
     0    0    0    0    0    0    0]
 [   0    0    0    3    0    0    0    0    0    0    0    0    0    0
     0    0    0    0    0    0    0]
 [   1    0    0    0    0    0    0    0    0    0    0    0    0    0
     0    0    0    0    0    0    0]
 [   1    0    0    1    1    0    1    0    0    0    0    0    0    0
     0    0    0    0    0    0    0]
 [   1    0    0    0    0    0    0    0    0    0    0    0    0    0
     0    0    0    0    0    0    0]
 [   1    0    0    0    0    0    0    0    1    0    0    0    0    0
     0    6    0    0    0    0    0]
 [   1    0    0    0    0    0    0    0    0    0    0    0    0    0
     0    0    3    0    0    0    0]
 [   2    0    0    2    0    0    0    0    0    0    0    0    0    0
     0    0    0    0    0    0    0]
 [   0    0    0    2    0    0    0    0    1    0    0    0    0    0
     0    0    0    0    1    0    0]
 [   1    0    0    0    0    0    0    0    0    0    0    0    0    0
     0    2    0    0    0    0    0]
 [   0    0    0    1    0    0    0    0    0    0    0    0    0    0
     0    0    0    0    0    0    0]]