             precision    recall  f1-score   support

       thời       0.95      0.99      0.97      3200
       Thời       0.50      0.13      0.21        30
       thòi       0.88      1.00      0.93        14
       thổi       0.85      0.86      0.86       317
       thôi       0.77      0.75      0.76       252
       thói       0.98      0.62      0.76        76
       thối       0.89      0.81      0.85       162
       thoi       0.95      0.79      0.86        47
       Thôi       0.89      0.62      0.73       105
       thờI       0.50      0.11      0.18        18
       thốI       0.00      0.00      0.00         5
       thổI       0.00      0.00      0.00         3
       thởi       0.00      0.00      0.00         1
       thôị       0.00      0.00      0.00         4
       thờị       0.00      0.00      0.00         1
       thơi       0.67      0.75      0.71         8
       THỜI       0.60      0.75      0.67         4
       thỏi       0.00      0.00      0.00         4
       Thối       1.00      0.25      0.40         4
       thới       0.00      0.00      0.00         3
       thỗi       0.00      0.00      0.00         1

avg / total       0.92      0.93      0.92      4259
