             precision    recall  f1-score   support

        thứ       0.85      0.89      0.87      1843
        thụ       0.91      0.77      0.83       315
        thủ       0.91      0.95      0.93      4315
        thử       0.79      0.71      0.75       585
        thu       0.82      0.81      0.81       911
        thư       0.90      0.88      0.89      1374
        thú       0.82      0.87      0.84       902
        Thu       0.95      0.88      0.91       314
        thù       0.85      0.84      0.84       486
        Thủ       0.84      0.76      0.80       177
        Thư       0.92      0.93      0.93       598
        Thứ       0.50      0.08      0.14        24
        Thử       0.00      0.00      0.00        16
        thự       0.00      0.00      0.00         8
        Thú       0.88      0.77      0.82       190
        thừ       1.00      0.59      0.74        17
        Thù       0.75      0.33      0.46         9
        Thụ       0.96      0.94      0.95        50
        thũ       0.00      0.00      0.00         2
        THỰ       0.00      0.00      0.00         1
        Thự       0.00      0.00      0.00         2
        THỦ       0.00      0.00      0.00         1
        THú       0.00      0.00      0.00         1
        THƯ       0.00      0.00      0.00         1
        THỨ       0.00      0.00      0.00         1
        thữ       0.00      0.00      0.00         1

avg / total       0.88      0.88      0.88     12144
