[[1638    0   58   22   17   36   28    2   18    1   16    0    0    3
     4    0    0    0    0    0    0    0    0    0    0    0]
 [  13  242   17    3   10    5   17    1    6    0    0    0    0    0
     1    0    0    0    0    0    0    0    0    0    0    0]
 [  62    2 4084   23   39   33   43    0   12   10    5    0    0    0
     2    0    0    0    0    0    0    0    0    0    0    0]
 [  25    1   67  413   46    9   12    1    8    2    1    0    0    0
     0    0    0    0    0    0    0    0    0    0    0    0]
 [  40   12   64   25  735   11   12    4    3    1    1    0    0    0
     1    0    0    2    0    0    0    0    0    0    0    0]
 [  46    5   43    8   18 1207   14    3   14    2   12    0    0    0
     1    0    1    0    0    0    0    0    0    0    0    0]
 [  32    4   49    7    9    5  781    0    5    0    2    0    0    0
     8    0    0    0    0    0    0    0    0    0    0    0]
 [   7    0    7    6    8    1    3  276    1    1    3    0    0    1
     0    0    0    0    0    0    0    0    0    0    0    0]
 [  35    0   27    0    6    3    6    1  408    0    0    0    0    0
     0    0    0    0    0    0    0    0    0    0    0    0]
 [   2    0   27    2    1    5    1    1    0  135    2    1    0    0
     0    0    0    0    0    0    0    0    0    0    0    0]
 [   7    1   10    1    2   12    3    0    3    2  556    1    0    0
     0    0    0    0    0    0    0    0    0    0    0    0]
 [   9    0    2    4    3    0    0    0    1    1    2    2    0    0
     0    0    0    0    0    0    0    0    0    0    0    0]
 [   2    0    1    7    2    1    0    0    0    2    0    0    0    0
     1    0    0    0    0    0    0    0    0    0    0    0]
 [   0    0    3    1    1    2    0    0    1    0    0    0    0    0
     0    0    0    0    0    0    0    0    0    0    0    0]
 [   2    0    8    0    1    0   30    0    0    2    0    0    0    1
   146    0    0    0    0    0    0    0    0    0    0    0]
 [   1    0    0    0    1    1    1    0    0    0    2    0    0    0
     1   10    0    0    0    0    0    0    0    0    0    0]
 [   0    0    1    0    0    4    0    0    0    1    0    0    0    0
     0    0    3    0    0    0    0    0    0    0    0    0]
 [   1    0    1    0    0    1    0    0    0    0    0    0    0    0
     0    0    0   47    0    0    0    0    0    0    0    0]
 [   0    0    2    0    0    0    0    0    0    0    0    0    0    0
     0    0    0    0    0    0    0    0    0    0    0    0]
 [   0    0    0    0    0    0    0    0    0    0    0    0    0    1
     0    0    0    0    0    0    0    0    0    0    0    0]
 [   1    0    1    0    0    0    0    0    0    0    0    0    0    0
     0    0    0    0    0    0    0    0    0    0    0    0]
 [   0    0    0    0    0    0    0    0    0    1    0    0    0    0
     0    0    0    0    0    0    0    0    0    0    0    0]
 [   0    0    0    0    0    0    0    0    0    0    0    0    0    0
     1    0    0    0    0    0    0    0    0    0    0    0]
 [   0    0    0    0    0    0    0    1    0    0    0    0    0    0
     0    0    0    0    0    0    0    0    0    0    0    0]
 [   1    0    0    0    0    0    0    0    0    0    0    0    0    0
     0    0    0    0    0    0    0    0    0    0    0    0]
 [   1    0    0    0    0    0    0    0    0    0    0    0    0    0
     0    0    0    0    0    0    0    0    0    0    0    0]]