[[444   1   2   1   0   0   0   0   0   0   0]
 [  9  82   3   0   0   0   0   0   0   0   0]
 [ 25   1  76   2   0   0   0   0   0   0   0]
 [  6   0   1  52   0   0   0   0   0   0   0]
 [  2   1   0   0   2   0   0   0   0   0   0]
 [  5   0   0   1   0  27   0   0   0   0   0]
 [  4   1   0   1   0   0   0   0   0   0   0]
 [  0   2   0   0   0   0   0   0   0   0   0]
 [  0   0   0   0   0   0   0   0   0   0   0]
 [  0   0   0   0   0   0   0   0   1   0   0]
 [  0   0   1   0   0   0   0   0   0   0   0]]