             precision    recall  f1-score   support

       thừa       0.90      0.94      0.92       481
       thua       0.88      0.91      0.89       471
       Thưa       0.90      0.95      0.93        99
       Thừa       0.98      0.88      0.93        99
       thưa       0.95      0.64      0.76        58
       thủa       0.80      0.57      0.67         7
       thùa       0.50      0.50      0.50         2
       thửa       1.00      0.50      0.67         4
       THỪA       0.00      0.00      0.00         1
       thựa       0.00      0.00      0.00         3
       thũa       0.00      0.00      0.00         1
       Thua       0.00      0.00      0.00         2

avg / total       0.90      0.90      0.90      1228
