[[454  25   0   1   1   0   0   0   0   0   0   0]
 [ 39 427   3   1   0   1   0   0   0   0   0   0]
 [  1   4  94   0   0   0   0   0   0   0   0   0]
 [  2   8   2  87   0   0   0   0   0   0   0   0]
 [  2  16   3   0  37   0   0   0   0   0   0   0]
 [  0   3   0   0   0   4   0   0   0   0   0   0]
 [  0   0   0   0   1   0   1   0   0   0   0   0]
 [  0   2   0   0   0   0   0   2   0   0   0   0]
 [  1   0   0   0   0   0   0   0   0   0   0   0]
 [  3   0   0   0   0   0   0   0   0   0   0   0]
 [  0   0   0   0   0   0   1   0   0   0   0   0]
 [  0   0   2   0   0   0   0   0   0   0   0   0]]