             precision    recall  f1-score   support

       thức       0.93      0.88      0.90       844
       thực       0.89      0.95      0.92      1770
       thúc       0.86      0.85      0.85       845
       Thức       0.90      0.69      0.78        26
       thục       0.86      0.57      0.68        53
       Thục       0.95      0.90      0.92       280
       Thực       0.97      0.76      0.85       117
       Thúc       0.94      0.94      0.94       247
       THÚC       0.00      0.00      0.00         1

avg / total       0.90      0.90      0.90      4183
