             precision    recall  f1-score   support

     thường       0.86      0.88      0.87      1281
     thương       0.90      0.93      0.91      2254
     thượng       0.85      0.90      0.87      1790
     Thượng       0.74      0.65      0.69       754
     thưởng       0.85      0.72      0.78       282
     Thương       0.87      0.80      0.83       623
     thưong       0.00      0.00      0.00         2
     Thường       0.81      0.81      0.81       167
     Thưong       0.00      0.00      0.00         1
     Thưởng       0.00      0.00      0.00         4
     thuồng       0.33      1.00      0.50         1
     thuơng       0.00      0.00      0.00         5
     thuợng       0.00      0.00      0.00         1
     THượng       0.00      0.00      0.00         1
     thưọng       0.00      0.00      0.00         1
     THƯƠNG       0.00      0.00      0.00         1
     thuờng       0.00      0.00      0.00         4
     Thuợng       0.00      0.00      0.00         5
     THƯỢNG       0.00      0.00      0.00         1
     thưỡng       0.00      0.00      0.00         1

avg / total       0.85      0.86      0.85      7179
