[[1128   81   42    6   11    7    0    6    0    0    0    0    0    0
     0    0    0    0    0    0]
 [  71 2101   35   10   16   15    0    3    0    0    2    1    0    0
     0    0    0    0    0    0]
 [  42   49 1606   74    6    4    0    8    0    0    0    0    1    0
     0    0    0    0    0    0]
 [  15   27  169  487    3   46    0    4    0    0    0    0    0    0
     0    0    0    3    0    0]
 [  27   31   11    3  202    0    0    6    0    0    0    0    0    0
     0    0    0    0    0    2]
 [  13   31    8   70    0  497    0    4    0    0    0    0    0    0
     0    0    0    0    0    0]
 [   0    2    0    0    0    0    0    0    0    0    0    0    0    0
     0    0    0    0    0    0]
 [   6   11    9    4    0    1    0  136    0    0    0    0    0    0
     0    0    0    0    0    0]
 [   0    0    0    0    0    1    0    0    0    0    0    0    0    0
     0    0    0    0    0    0]
 [   0    1    1    1    1    0    0    0    0    0    0    0    0    0
     0    0    0    0    0    0]
 [   0    0    0    0    0    0    0    0    0    0    1    0    0    0
     0    0    0    0    0    0]
 [   2    3    0    0    0    0    0    0    0    0    0    0    0    0
     0    0    0    0    0    0]
 [   0    0    1    0    0    0    0    0    0    0    0    0    0    0
     0    0    0    0    0    0]
 [   0    1    0    0    0    0    0    0    0    0    0    0    0    0
     0    0    0    0    0    0]
 [   0    0    1    0    0    0    0    0    0    0    0    0    0    0
     0    0    0    0    0    0]
 [   0    1    0    0    0    0    0    0    0    0    0    0    0    0
     0    0    0    0    0    0]
 [   4    0    0    0    0    0    0    0    0    0    0    0    0    0
     0    0    0    0    0    0]
 [   0    0    1    4    0    0    0    0    0    0    0    0    0    0
     0    0    0    0    0    0]
 [   0    0    0    1    0    0    0    0    0    0    0    0    0    0
     0    0    0    0    0    0]
 [   1    0    0    0    0    0    0    0    0    0    0    0    0    0
     0    0    0    0    0    0]]