             precision    recall  f1-score   support

       thuý       0.50      0.12      0.20         8
       Thủy       0.67      0.84      0.75       364
       thủy       0.74      0.81      0.77       429
       thuỷ       0.22      0.15      0.18        88
       thúy       0.46      0.35      0.40        17
       thùy       0.88      0.29      0.44        24
       Thuỷ       0.41      0.24      0.30       119
       Thúy       0.70      0.61      0.65        23
       Thụy       1.00      0.27      0.43        11
       thuỳ       0.10      0.50      0.17         2
       thụy       0.00      0.00      0.00         5
       Thửy       0.00      0.00      0.00         4
       Thuý       0.89      0.50      0.64        16
       Thuỵ       0.82      0.77      0.80        43
       Thùy       1.00      0.88      0.93        16
       thuỵ       0.00      0.00      0.00         1
       Thuy       0.00      0.00      0.00         3

avg / total       0.65      0.66      0.64      1173
