             precision    recall  f1-score   support

         tị       1.00      0.83      0.91        12
         tỉ       0.75      0.96      0.84       106
         tí       0.85      0.88      0.87        69
         ti       0.81      0.64      0.71        39
         tì       1.00      0.79      0.88        42
         Tỉ       0.50      0.67      0.57         3
         Tị       1.00      0.20      0.33         5
         Ti       1.00      0.75      0.86        20
         Tì       0.00      0.00      0.00         2
         Tí       0.67      0.29      0.40         7

avg / total       0.83      0.82      0.81       305
