             precision    recall  f1-score   support

       tiên       0.90      0.93      0.91      2920
       tiễn       0.71      0.54      0.61       193
       tiến       0.89      0.93      0.91      1658
       tiền       0.86      0.84      0.85      1098
       tiện       0.88      0.85      0.87       668
       Tiên       0.90      0.88      0.89      1525
       Tiễn       0.79      0.91      0.85       127
       Tiền       0.94      0.80      0.86       221
       Tiện       1.00      0.52      0.68        29
       Tiến       0.95      0.89      0.92       102
       tiển       0.50      0.07      0.12        14
       tien       0.00      0.00      0.00         2
       Tiển       0.00      0.00      0.00         5
       TIÊN       0.00      0.00      0.00         0

avg / total       0.88      0.89      0.88      8564
