[[2721    6   27   36    9  117    0    4    0    0    0    0    0    0
     0]
 [  22  104   25   19   12    4    2    3    0    1    1    0    0    0
     0]
 [  33   16 1539   37   19   10    2    0    0    1    0    0    0    1
     0]
 [  63    9   71  926   12    8    6    1    0    2    0    0    0    0
     0]
 [  26    3   31   26  570    2   10    0    0    0    0    0    0    0
     0]
 [ 147    0   12   14   10 1336    4    2    0    0    0    0    0    0
     0]
 [   2    1    6    1    0    1  116    0    0    0    0    0    0    0
     0]
 [  12    1    7   19    1    3    2  176    0    0    0    0    0    0
     0]
 [   0    0    0    0   12    1    0    1   15    0    0    0    0    0
     0]
 [   2    0    4    2    0    1    1    1    0   91    0    0    0    0
     0]
 [   2    5    1    2    2    0    1    0    0    0    1    0    0    0
     0]
 [   2    0    0    0    0    0    0    0    0    0    0    0    0    0
     0]
 [   0    1    1    0    0    0    2    0    0    1    0    0    0    0
     0]
 [   0    0    0    0    0    0    0    0    0    0    0    0    0    0
     0]
 [   0    0    1    0    0    1    0    0    0    0    0    0    0    0
     0]]