[[9593  298   12   14    0    0    0    0    0    0    0    3    0    0
     0    0    0    0    0    0]
 [ 176 5550   62   15    0    1    0    0    0    0    0    0    0    0
     0    0    1    0    0    0]
 [  23   95  933   12    0    0    0    0    0    0    0    1    0    0
     0    0    0    0    1    0]
 [  27   37   11  488    0    0    0    0    1    0    0    2    0    0
     0    0    0    0    0    0]
 [   3    1    0    0    0    0    0    0    0    0    0    0    0    0
     0    0    0    0    0    0]
 [   0    4    0    2    0   47    0    0    0    0    0    0    0    0
     0    0    0    0    0    0]
 [   2    0    0    0    0    0    0    0    0    0    0    0    0    0
     0    0    0    0    0    0]
 [   1    0    0    0    0    0    0    0    0    0    0    0    0    0
     0    0    0    0    0    0]
 [   3    8    4    0    0    0    0    0   22    0    0    0    0    0
     0    0    0    0    0    0]
 [   3    5    5    1    0    0    0    0    0    0    0    0    0    0
     0    0    0    0    0    0]
 [   2    0    0    0    0    0    0    0    0    0    0    0    0    0
     0    0    0    0    0    0]
 [   3    4    1    1    0    0    0    0    0    0    0    7    0    0
     0    0    0    0    0    0]
 [   1    0    0    0    0    0    0    0    0    0    0    0    0    0
     0    0    0    0    0    0]
 [   1    0    0    0    0    0    0    0    0    0    0    0    0    0
     0    0    0    0    0    0]
 [   0    2    0    0    0    0    0    0    0    0    0    0    0    0
     0    0    0    0    0    0]
 [   1    0    0    0    0    0    0    0    0    0    0    0    0    0
     0    0    0    0    0    0]
 [   0    0    0    0    0    0    0    0    0    0    0    0    0    0
     0    0    0    0    0    0]
 [   1    0    0    0    0    0    0    0    0    0    0    0    0    0
     0    0    0    0    0    0]
 [   0    0    0    0    0    0    0    0    0    0    0    0    0    0
     0    0    0    0    0    0]
 [   0    0    2    0    0    0    0    0    0    0    0    0    0    0
     0    0    0    0    0    0]]