             precision    recall  f1-score   support

       Tiểu       0.97      0.97      0.97      9920
       tiểu       0.92      0.96      0.94      5805
       tiêu       0.91      0.88      0.89      1065
       Tiêu       0.92      0.86      0.89       566
       Tiều       0.00      0.00      0.00         4
       tiều       0.98      0.89      0.93        53
       Tiẻu       0.00      0.00      0.00         2
       Tiểụ       0.00      0.00      0.00         1
       tiếu       0.96      0.59      0.73        37
       tiễu       0.00      0.00      0.00        14
       TIểU       0.00      0.00      0.00         2
       Tiếu       0.54      0.44      0.48        16
       TIểu       0.00      0.00      0.00         1
       TiểU       0.00      0.00      0.00         1
       TIÊU       0.00      0.00      0.00         2
       Tỉểu       0.00      0.00      0.00         1
       Tiễu       0.00      0.00      0.00         0
       tiêụ       0.00      0.00      0.00         1

avg / total       0.95      0.95      0.95     17493
