             precision    recall  f1-score   support

        tìm       0.97      0.99      0.98      2204
        tim       0.94      0.82      0.88       271
        tỉm       0.94      1.00      0.97        89
        tím       0.78      0.50      0.61        42
        tĩm       1.00      0.14      0.25         7
        Tim       0.00      0.00      0.00         3
        Tìm       1.00      0.25      0.40         8
        Tím       0.00      0.00      0.00         1

avg / total       0.96      0.96      0.96      2625
