             precision    recall  f1-score   support

       tính       0.82      0.80      0.81      1691
       tĩnh       0.88      0.86      0.87       786
       tinh       0.89      0.88      0.89      1429
       tình       0.87      0.92      0.89      3325
       Tình       0.61      0.32      0.42        78
       Tính       0.91      0.30      0.45        33
       Tịnh       0.97      0.97      0.97       210
       Tỉnh       0.88      0.87      0.88       115
       Tinh       0.92      0.87      0.89       415
       tỉnh       0.86      0.85      0.85       710
       tịnh       0.51      0.40      0.45       103
       Tĩnh       0.86      0.83      0.85       229
       TÌNH       0.00      0.00      0.00         4

avg / total       0.86      0.86      0.86      9128
