[[1360   10   46  224    4    1    1    1   10   26    7    1    0]
 [  14  678   13   36    0    0    1    0    0   17   19    8    0]
 [  54    9 1264   72    3    0    1    1    4   17    3    1    0]
 [ 156   37   50 3043    1    0    1    0   10   22    3    2    0]
 [  11    1    7   30   25    0    0    0    1    2    1    0    0]
 [   9    2    1    4    3   10    0    0    2    1    0    1    0]
 [   0    0    1    0    0    0  203    0    1    0    3    2    0]
 [   1    0    1    2    0    0    0  100    0    4    0    7    0]
 [  11    1   12   19    3    0    1    0  361    5    0    2    0]
 [  33   10   10   46    1    0    0    2    2  602    1    3    0]
 [  11   21    9   12    0    0    1    0    0    5   41    3    0]
 [   5    1    3   13    1    0    1    9    2    1    2  191    0]
 [   0    1    0    3    0    0    0    0    0    0    0    0    0]]