             precision    recall  f1-score   support

         tổ       0.79      0.87      0.83       456
         tơ       0.93      0.80      0.86        99
         to       0.87      0.91      0.89       787
         tỏ       0.95      0.95      0.95       787
         tò       0.88      0.95      0.91        56
         tố       0.65      0.50      0.56        62
         Tổ       0.84      0.76      0.80       194
         Tố       0.96      0.96      0.96       768
         tờ       0.97      0.81      0.88       111
         Tô       0.86      0.92      0.89       401
         To       0.00      0.00      0.00         1
         tớ       0.00      0.00      0.00         0
         tô       0.75      0.14      0.24        21
         tở       0.67      0.20      0.31        30
         Tơ       0.00      0.00      0.00         2
         TÔ       0.00      0.00      0.00         1
         TỔ       0.00      0.00      0.00         1
         Tỏ       0.00      0.00      0.00         3
         tộ       0.00      0.00      0.00         1
         tọ       0.00      0.00      0.00         2
         Tộ       0.00      0.00      0.00         2
         tợ       0.00      0.00      0.00         4
         tõ       0.00      0.00      0.00         1
         Tớ       0.00      0.00      0.00         1

avg / total       0.89      0.89      0.89      3792
