[[397   1  27   6   0   1  15   2   0   6   0   0   0   1   0   0   0   0
    0   0   0   0   0   0   0]
 [  7  79   9   2   1   0   0   1   0   0   0   0   0   0   0   0   0   0
    0   0   0   0   0   0   0]
 [ 18   2 720   7   0   6   2   8   2  21   0   0   0   1   0   0   0   0
    0   0   0   0   0   0   0]
 [  7   0  19 751   1   2   0   6   0   1   0   0   0   0   0   0   0   0
    0   0   0   0   0   0   0]
 [  1   0   1   1  53   0   0   0   0   0   0   0   0   0   0   0   0   0
    0   0   0   0   0   0   0]
 [  8   0  14   1   0  31   1   2   0   5   0   0   0   0   0   0   0   0
    0   0   0   0   0   0   0]
 [ 30   0   6   3   1   1 147   0   0   6   0   0   0   0   0   0   0   0
    0   0   0   0   0   0   0]
 [  7   1   2   3   0   2   0 740   0  12   0   1   0   0   0   0   0   0
    0   0   0   0   0   0   0]
 [  4   0   4   6   3   2   0   0  90   2   0   0   0   0   0   0   0   0
    0   0   0   0   0   0   0]
 [ 13   1   4   1   0   0   4   8   0 368   0   0   1   1   0   0   0   0
    0   0   0   0   0   0   0]
 [  0   0   1   0   0   0   0   0   0   0   0   0   0   0   0   0   0   0
    0   0   0   0   0   0   0]
 [  0   0   0   0   0   0   0   0   0   0   0   0   0   0   0   0   0   0
    0   0   0   0   0   0   0]
 [  0   1  12   1   0   0   2   2   0   0   0   0   3   0   0   0   0   0
    0   0   0   0   0   0   0]
 [  4   0   8   4   0   1   1   0   1   5   0   0   0   6   0   0   0   0
    0   0   0   0   0   0   0]
 [  0   0   0   2   0   0   0   0   0   0   0   0   0   0   0   0   0   0
    0   0   0   0   0   0   0]
 [  1   0   0   0   0   0   0   0   0   0   0   0   0   0   0   0   0   0
    0   0   0   0   0   0   0]
 [  1   0   0   0   0   0   0   0   0   0   0   0   0   0   0   0   0   0
    0   0   0   0   0   0   0]
 [  1   0   0   0   0   0   2   0   0   0   0   0   0   0   0   0   0   0
    0   0   0   0   0   0   0]
 [  0   0   0   0   0   1   0   0   0   0   0   0   0   0   0   0   0   0
    0   0   0   0   0   0   0]
 [  0   0   0   0   1   1   0   0   0   0   0   0   0   0   0   0   0   0
    0   0   0   0   0   0   0]
 [  0   0   2   0   0   0   0   0   0   0   0   0   0   0   0   0   0   0
    0   0   0   0   0   0   0]
 [  3   0   0   1   0   0   0   0   0   0   0   0   0   0   0   0   0   0
    0   0   0   0   0   0   0]
 [  0   0   0   0   0   0   1   0   0   0   0   0   0   0   0   0   0   0
    0   0   0   0   0   0   0]
 [  0   0   0   0   0   0   0   1   0   0   0   0   0   0   0   0   0   0
    0   0   0   0   0   0   0]
 [  0   0   1   0   0   0   0   0   0   0   0   0   0   0   0   0   0   0
    0   0   0   0   0   0   0]]