[[ 39  33   0   6   2   0   0   0   0   1   1   0]
 [ 36  91   4  16   4   0   0   0   0   0   0   0]
 [  3   6 129  11   4  34   0   0   0   0   0   0]
 [  9   5   3 243  51   1   0   0   0   0   0   0]
 [  4   5   0  74  32   0   0   0   0   1   0   0]
 [  0   1  47   6   0  20   0   0   0   0   0   0]
 [  0   0   0   6   0   0   0   0   0   0   0   0]
 [  0   1   0   2   0   0   0   0   0   1   0   0]
 [  0   0   1   0   0   0   0   0  10   0   0   0]
 [  1   0   0   3   1   0   0   1   0   2   0   0]
 [  0   1   0   0   0   0   0   0   0   0   0   0]
 [  0   0   1   0   0   0   0   0   0   0   0   0]]