             precision    recall  f1-score   support

        toạ       0.42      0.48      0.45        82
        tọa       0.64      0.60      0.62       151
        tỏa       0.70      0.69      0.69       187
        tòa       0.66      0.78      0.72       312
        toà       0.34      0.28      0.30       116
        toả       0.36      0.27      0.31        74
        toa       0.00      0.00      0.00         6
        Tòa       0.00      0.00      0.00         4
        Tỏa       1.00      0.91      0.95        11
        Toà       0.40      0.25      0.31         8
        Toạ       0.00      0.00      0.00         1
        tóa       0.00      0.00      0.00         1

avg / total       0.58      0.59      0.58       953
