             precision    recall  f1-score   support

       toàn       0.95      0.98      0.96      2803
       toán       0.93      0.87      0.90       324
       toan       0.84      0.74      0.79       308
       Toàn       0.88      0.49      0.63        47
       Toán       0.00      0.00      0.00         8
       tòan       0.00      0.00      0.00        12
       tóan       0.00      0.00      0.00         1
       TOàN       0.00      0.00      0.00         1
       Toan       0.80      0.67      0.73         6

avg / total       0.93      0.94      0.93      3510
