             precision    recall  f1-score   support

        tốc       0.96      0.95      0.96       302
        tóc       0.91      0.96      0.93       381
        tộc       0.93      0.91      0.92       440
        Tộc       0.00      0.00      0.00        11
        Tốc       0.00      0.00      0.00         1
        Tóc       0.00      0.00      0.00         3
        tớc       0.00      0.00      0.00         1
        tổc       0.00      0.00      0.00         1

avg / total       0.92      0.93      0.92      1140
