[[4449    5   62   26  106    0    0    2    0    0    2    0    1    0
     0    0    1    0    2    0    0    0    0]
 [  10   26    2    1    1    0    0    0    0    0    0    0    0    0
     0    0    0    0    0    0    0    0    0]
 [ 104    0  893   10   29    0    0    0    0    0    0    0    0    0
     0    0    0    0    0    0    0    0    0]
 [ 104    0   13  506   39    0    0    0    0    0    0    0    0    0
     0    0    0    0    1    0    0    0    0]
 [ 179    0   20   17 1017    0    1    0    0    0    0    0    3    0
     1    5    0    0    0    0    0    0    0]
 [   2    0    0    1    2    0    0    0    0    0    0    0    0    0
     0    0    0    0    0    0    0    0    0]
 [   1    0   14    0    0    0   14    0    0    0    0    0    0    0
     0    0    0    0    0    0    0    0    0]
 [   2    0    0    0    1    0    0    7    0    0    0    0    0    0
     0    0    0    0    0    0    0    0    0]
 [   0    0    1    6    1    0    0    0    3    0    0    0    0    0
     0    0    0    0    0    0    0    0    0]
 [   5    0    0    0    0    0    0    0    0    2    0    0    0    0
     0    0    0    0    0    0    0    0    0]
 [   6    0    1    2    1    0    0    0    0    0   26    0    0    0
     0    0    0    0    0    0    0    0    0]
 [   0    0    0    1    0    0    0    0    0    0    0    0    0    0
     0    0    0    0    0    0    0    0    0]
 [  25    0    0    0    0    0    0    0    0    0    0    0    0    0
     0    0    0    0    0    0    0    0    0]
 [   1    0    2    1    0    0    0    0    0    0    0    0    0    0
     0    0    0    0    0    0    0    0    0]
 [   1    0    0    1    0    0    0    0    0    0    0    0    0    0
     1    0    0    0    0    0    0    0    0]
 [  10    0    1    1   14    0    0    0    0    0    0    0    0    0
     0   38    0    0    0    0    0    0    0]
 [   6    0    0    0    1    0    0    0    0    0    0    0    0    0
     0    0    0    0    0    0    0    0    0]
 [   6    0    0    0    1    0    0    0    0    0    0    0    0    0
     0    0    0    5    0    0    0    0    0]
 [   3    0    0    0    2    0    0    0    0    0    0    0    0    0
     0    0    0    0    0    0    0    0    0]
 [   0    0    1    0    0    0    0    0    0    0    0    0    0    0
     0    0    0    0    0    0    0    0    0]
 [   2    0    0    0    1    0    0    0    0    0    0    0    0    0
     0    1    0    0    0    0    0    0    0]
 [   0    0    1    0    0    0    0    0    0    0    0    0    0    0
     0    0    0    0    0    0    0    0    0]
 [   1    0    0    0    0    0    0    0    0    0    0    0    0    0
     0    0    0    0    0    0    0    0    0]]