             precision    recall  f1-score   support

        tới       0.90      0.96      0.93      4656
        tồi       0.84      0.65      0.73        40
        tối       0.88      0.86      0.87      1036
        tội       0.88      0.76      0.82       663
        tôi       0.84      0.82      0.83      1243
        tòi       0.00      0.00      0.00         5
        Tối       0.93      0.48      0.64        29
        tói       0.78      0.70      0.74        10
        Tội       1.00      0.27      0.43        11
        Tới       1.00      0.29      0.44         7
        tơi       0.93      0.72      0.81        36
        Tồi       0.00      0.00      0.00         1
        tớI       0.00      0.00      0.00        25
        tốI       0.00      0.00      0.00         4
        tộI       0.50      0.33      0.40         3
        Tôi       0.86      0.59      0.70        64
        tớị       0.00      0.00      0.00         7
        toi       1.00      0.42      0.59        12
        tời       0.00      0.00      0.00         5
        tọi       0.00      0.00      0.00         1
        tỏi       0.00      0.00      0.00         4
        TÔI       0.00      0.00      0.00         1
        tơí       0.00      0.00      0.00         1

avg / total       0.88      0.89      0.88      7864
