             precision    recall  f1-score   support

        tôn       0.86      0.89      0.87       547
        Tôn       0.91      0.93      0.92       661
        tồn       0.97      0.96      0.96       160
        tổn       0.95      0.92      0.94       296
        tốn       0.86      0.80      0.83       148
        tợn       1.00      0.91      0.95        33
        Tồn       0.00      0.00      0.00         1
        ton       1.00      0.60      0.75         5
        tòn       1.00      0.50      0.67         2
        Tốn       0.00      0.00      0.00         2
        Ton       0.00      0.00      0.00         1

avg / total       0.90      0.90      0.90      1856
