[[487  50   1   4   5   0   0   0   0   0   0]
 [ 45 612   1   0   3   0   0   0   0   0   0]
 [  3   1 153   1   2   0   0   0   0   0   0]
 [ 11   2   0 273  10   0   0   0   0   0   0]
 [ 18   3   2   6 119   0   0   0   0   0   0]
 [  3   0   0   0   0  30   0   0   0   0   0]
 [  0   0   1   0   0   0   0   0   0   0   0]
 [  0   0   0   2   0   0   0   3   0   0   0]
 [  1   0   0   0   0   0   0   0   1   0   0]
 [  1   1   0   0   0   0   0   0   0   0   0]
 [  0   1   0   0   0   0   0   0   0   0   0]]