[[759   2   0   1  11   6   0   6   1   0   0   0   0   0]
 [  5 235   0   4   4  28   0   0   0   0   0   0   0   0]
 [  1   0   1   2   0   0   0   0   0   0   0   0   0   0]
 [  3   0   0 142  43   1   0   1   0   0   0   0   0   0]
 [  5   8   0  38 261   3   0   0   1   0   0   0   0   0]
 [ 12  38   0   1   3 144   0   2   0   0   0   0   0   0]
 [  2   0   0   0   0   2   2   0   0   0   0   0   0   0]
 [  6   1   0   1   3   1   0  67   0   0   0   0   0   0]
 [  4   2   0   1   1   1   0   0  15   0   0   0   0   0]
 [  0   0   0   0   2   0   0   0   0   3   0   0   0   0]
 [  1   0   0   0   0   0   0   0   0   0   0   0   0   0]
 [  0   0   0   0   1   0   0   1   0   0   0   0   0   0]
 [  1   0   0   0   0   0   0   0   0   0   0   0   0   0]
 [  0   0   0   0   0   3   2   0   0   0   0   0   0   0]]