             precision    recall  f1-score   support

       Tống       0.95      0.97      0.96       786
       Tông       0.82      0.85      0.84       276
       Tòng       1.00      0.25      0.40         4
       Tổng       0.75      0.75      0.75       190
       tổng       0.79      0.83      0.81       316
       tông       0.76      0.72      0.74       200
       tong       0.50      0.33      0.40         6
       tống       0.87      0.85      0.86        79
       tòng       0.88      0.62      0.73        24
       Tọng       1.00      0.60      0.75         5
       Tỗng       0.00      0.00      0.00         1
       tọng       0.00      0.00      0.00         2
       Tong       0.00      0.00      0.00         1
       tỏng       0.00      0.00      0.00         5

avg / total       0.86      0.86      0.86      1895
