             precision    recall  f1-score   support

        trả       0.94      0.97      0.95       989
        trà       0.91      0.89      0.90       280
        tra       0.97      0.95      0.96       408
        trá       0.95      0.87      0.91        68
        Tra       0.93      0.79      0.85        71
        Trả       0.00      0.00      0.00         3
        Trà       0.00      0.00      0.00         2
        trậ       0.00      0.00      0.00         1

avg / total       0.94      0.94      0.94      1822
