             precision    recall  f1-score   support

       trải       0.87      0.87      0.87       260
       trái       0.92      0.98      0.95      1055
       trai       0.93      0.82      0.87       251
       trại       0.86      0.76      0.81       201
       Trái       0.00      0.00      0.00         7
       trãi       0.00      0.00      0.00         2
       Trai       0.94      0.82      0.87        38
       Trại       0.80      0.40      0.53        10
       Trải       0.00      0.00      0.00         1
       trảI       0.00      0.00      0.00         1

avg / total       0.90      0.91      0.90      1826
