[[1168    1   12    1    1    6    0    0    1    0    0    0    0    0]
 [  17   22   10    1    0    2    0    0    0    0    0    0    0    0]
 [  16    1 1462    4    0    2    0    0    0    0    0    0    0    0]
 [  12    0   10  334    0    0    2    0    5    0    0    0    0    0]
 [   7    0    6    0   10    0    0    0    1    0    0    0    0    0]
 [  18    0   11    2    0   52    3    0    0    0    0    0    0    0]
 [   1    2    3    0    0    7   17    0    0    0    0    0    0    0]
 [   3    0    2    0    0    2    0    5    0    0    0    0    0    0]
 [   0    0    0    0    1    0    0    0   80    0    0    0    0    0]
 [   5    0    0    0    0    0    1    0    0    6    0    0    0    0]
 [   0    0    0    0    2    0    0    0    0    0    1    0    0    0]
 [   1    0    0    0    0    0    0    0    0    0    0    0    0    0]
 [   0    0    1    0    0    0    0    0    0    0    0    0    0    0]
 [   0    0    1    0    0    0    0    0    0    0    0    0    0    0]]