             precision    recall  f1-score   support

       trăm       0.94      0.98      0.96      1190
       trạm       0.85      0.42      0.56        52
       trầm       0.96      0.98      0.97      1485
       Trầm       0.98      0.92      0.95       363
       trảm       0.71      0.42      0.53        24
       trẫm       0.73      0.60      0.66        86
       Trẫm       0.74      0.57      0.64        30
       trâm       1.00      0.42      0.59        12
       Trảm       0.92      0.99      0.95        81
       Trăm       1.00      0.50      0.67        12
       trãm       1.00      0.33      0.50         3
       trắm       0.00      0.00      0.00         1
       trậm       0.00      0.00      0.00         1
       tràm       0.00      0.00      0.00         1

avg / total       0.94      0.94      0.94      3341
