[[710   2   8   2  22   5   2   0   0   0   0   0   1   0]
 [ 10 400   1   2   6   1   0   0   0   0   0   0   1   0]
 [ 26   1 225   0   4   1   0   0   0   0   0   0   0   0]
 [  6   2   0 131   7   2   0   0   0   1   0   1   0   0]
 [ 29   1   3   3 624   6   5   0   0   0   0   0   0   0]
 [  6   1   2   2  11 211   0   0   0   0   0   0   0   0]
 [  9   0   1   0   5   0 257   0   0   1   0   0   0   0]
 [  1   0   0   0   0   0   0   0   0   0   0   0   0   0]
 [  1   0   0   0   0   0   0   0   0   0   0   0   0   0]
 [  0   0   0   0   0   0   1   0   0   1   0   0   0   0]
 [  1   0   4   0   1   0   0   0   0   0   0   0   0   0]
 [  0   0   0   2   0   0   0   0   0   0   0   1   0   0]
 [  0   2   0   0   0   0   0   0   0   0   0   0   4   0]
 [  0   0   1   0   1   1   0   0   0   0   0   0   0   0]]