             precision    recall  f1-score   support

       trần       0.79      0.75      0.77       220
       trận       0.86      0.93      0.89      1021
       tràn       0.94      0.88      0.91       334
       Trần       0.92      0.91      0.92       544
       trân       0.83      0.80      0.81       110
       trấn       0.86      0.83      0.85       345
       trán       0.85      0.78      0.81       159
       Trận       0.50      0.42      0.46        43
       Trán       0.00      0.00      0.00         3
       Trấn       0.91      0.89      0.90        91
       Trạn       0.00      0.00      0.00         1
       trăn       0.00      0.00      0.00         4
       Trân       1.00      0.42      0.59        12
       trằn       0.70      0.70      0.70        10
       Trản       1.00      1.00      1.00         1
       TRáN       0.00      0.00      0.00         0

avg / total       0.87      0.87      0.87      2899
