             precision    recall  f1-score   support

      trắng       0.89      0.94      0.92       752
      trạng       0.98      0.95      0.96       421
      trăng       0.92      0.88      0.90       257
      tráng       0.92      0.87      0.90       150
      trang       0.92      0.93      0.92       671
      Trang       0.93      0.91      0.92       233
      tràng       0.97      0.94      0.96       273
      trằng       0.00      0.00      0.00         1
      trảng       0.00      0.00      0.00         1
      Tràng       0.33      0.50      0.40         2
      Trăng       0.00      0.00      0.00         6
      Tráng       0.50      0.33      0.40         3
      Trạng       0.67      0.67      0.67         6
      Trắng       0.00      0.00      0.00         3

avg / total       0.92      0.92      0.92      2779
