[[165  25   8  12   1   3   6   0   0   0   0   0   0   0   0   0   0]
 [ 12 951   2   8   3  23   3  17   0   2   0   0   0   0   0   0   0]
 [  8  14 295   0   2   9   4   0   0   1   0   0   0   1   0   0   0]
 [  3  30   0 497   3   5   2   0   0   2   0   0   0   0   0   2   0]
 [  4   8   2   4  88   2   2   0   0   0   0   0   0   0   0   0   0]
 [ 10  27   4  10   3 287   2   0   0   2   0   0   0   0   0   0   0]
 [  5  19   3   1   3   1 124   0   0   1   0   0   0   2   0   0   0]
 [  0  24   0   1   0   0   0  18   0   0   0   0   0   0   0   0   0]
 [  0   0   0   1   0   0   2   0   0   0   0   0   0   0   0   0   0]
 [  0   5   0   4   0   1   0   0   0  81   0   0   0   0   0   0   0]
 [  0   0   0   0   0   0   0   1   0   0   0   0   0   0   0   0   0]
 [  1   1   0   1   1   0   0   0   0   0   0   0   0   0   0   0   0]
 [  0   2   0   2   1   2   0   0   0   0   0   0   5   0   0   0   0]
 [  0   0   1   1   1   0   0   0   0   0   0   0   0   7   0   0   0]
 [  0   0   0   0   0   0   0   0   0   0   0   0   0   0   1   0   0]
 [  0   0   0   0   0   0   0   0   0   0   0   0   0   0   0   0   0]
 [  0   0   0   0   0   0   1   0   0   0   0   0   0   0   0   0   0]]