             precision    recall  f1-score   support

        tre       0.82      0.49      0.61        47
        trẻ       0.92      0.99      0.95       517
        trễ       0.93      0.61      0.74        44
        trể       0.00      0.00      0.00         1
        trề       1.00      0.95      0.98        22
        trệ       1.00      0.86      0.92         7
        Trẻ       0.00      0.00      0.00         3
        trẹ       0.00      0.00      0.00         1
        trẽ       0.00      0.00      0.00         1

avg / total       0.91      0.92      0.91       643
