             precision    recall  f1-score   support

        Trí       0.95      0.93      0.94       450
        trí       0.94      0.96      0.95       770
        trì       0.94      0.80      0.86       207
        trị       0.88      0.91      0.89       385
        Tri       0.71      0.80      0.75        40
        Trị       0.91      0.91      0.91        56
        tri       0.86      0.85      0.86       165
        Trì       0.80      0.87      0.83        85
        trĩ       0.00      0.00      0.00         2

avg / total       0.91      0.91      0.91      2160
