             precision    recall  f1-score   support

        trở       0.97      0.98      0.97      2901
        tro       0.98      0.72      0.83        60
        trò       0.92      0.95      0.93       367
        trợ       0.91      0.95      0.93       245
        trố       0.82      0.80      0.81        41
        trơ       0.89      0.73      0.80        81
        trỏ       0.86      0.85      0.85       226
        trọ       0.91      0.78      0.84        50
        Trổ       0.00      0.00      0.00         3
        trổ       0.79      0.63      0.70        35
        trớ       0.50      0.50      0.50         2
        trờ       1.00      0.12      0.22         8
        Trở       0.00      0.00      0.00         6
        trồ       0.81      1.00      0.89        21
        Trò       0.00      0.00      0.00         5
        TRò       0.00      0.00      0.00         1
        Trợ       1.00      1.00      1.00         2
        TRỞ       0.00      0.00      0.00         1
        trô       0.00      0.00      0.00         2

avg / total       0.94      0.95      0.94      4057
