[[2852    0    9    9    4    2   25    0    0    0    0    0    0    0
     0    0    0    0    0]
 [   8   43    3    4    0    1    0    1    0    0    0    0    0    0
     0    0    0    0    0]
 [  14    0  347    3    0    0    1    1    0    0    1    0    0    0
     0    0    0    0    0]
 [  10    1    0  232    0    0    1    1    0    0    0    0    0    0
     0    0    0    0    0]
 [   5    0    0    0   33    1    1    0    0    1    0    0    0    0
     0    0    0    0    0]
 [  15    0    2    0    3   59    1    0    0    1    0    0    0    0
     0    0    0    0    0]
 [  20    0    5    5    0    2  191    1    0    2    0    0    0    0
     0    0    0    0    0]
 [   7    0    4    0    0    0    0   39    0    0    0    0    0    0
     0    0    0    0    0]
 [   1    0    0    0    0    0    0    0    0    2    0    0    0    0
     0    0    0    0    0]
 [   3    0    2    1    0    0    1    0    1   22    0    0    0    5
     0    0    0    0    0]
 [   0    0    1    0    0    0    0    0    0    0    1    0    0    0
     0    0    0    0    0]
 [   6    0    1    0    0    0    0    0    0    0    0    1    0    0
     0    0    0    0    0]
 [   6    0    0    0    0    0    0    0    0    0    0    0    0    0
     0    0    0    0    0]
 [   0    0    0    0    0    0    0    0    0    0    0    0    0   21
     0    0    0    0    0]
 [   1    0    2    1    0    0    0    0    0    0    0    0    1    0
     0    0    0    0    0]
 [   1    0    0    0    0    0    0    0    0    0    0    0    0    0
     0    0    0    0    0]
 [   0    0    0    0    0    0    0    0    0    0    0    0    0    0
     0    0    2    0    0]
 [   1    0    0    0    0    0    0    0    0    0    0    0    0    0
     0    0    0    0    0]
 [   1    0    0    0    0    1    0    0    0    0    0    0    0    0
     0    0    0    0    0]]