             precision    recall  f1-score   support

       trời       0.93      0.99      0.96      1752
       trôi       0.91      0.73      0.81       179
       trói       0.81      0.61      0.69       109
       trơi       0.00      0.00      0.00         1
       trỗi       0.94      0.70      0.81        44
       trối       0.50      0.33      0.40         6
       Trời       0.97      0.78      0.86       144
       trội       0.67      0.40      0.50         5
       trồi       0.67      0.60      0.63        10
       trờI       0.00      0.00      0.00         6
       trốI       0.00      0.00      0.00         1
       trọi       0.90      0.82      0.86        11
       trờì       0.00      0.00      0.00         1
       trổi       0.00      0.00      0.00         1
       trởi       0.00      0.00      0.00         0
       Trói       0.00      0.00      0.00         2

avg / total       0.92      0.92      0.92      2273
