[[1735    5    6    0    0    0    1    1    0    3    0    1    0    0
     0    0    0]
 [  42  131    4    0    1    0    0    0    0    0    0    0    0    0
     1    0    0]
 [  38    5   66    0    0    0    0    0    0    0    0    0    0    0
     0    0    0]
 [   0    0    0    0    0    0    1    0    0    0    0    0    0    0
     0    0    0]
 [   5    1    3    0   31    1    0    0    3    0    0    0    0    0
     0    0    0]
 [   3    0    0    0    1    2    0    0    0    0    0    0    0    0
     0    0    0]
 [  32    0    0    0    0    0  112    0    0    0    0    0    0    0
     0    0    0]
 [   3    0    0    0    0    0    0    2    0    0    0    0    0    0
     0    0    0]
 [   2    1    1    0    0    0    0    0    6    0    0    0    0    0
     0    0    0]
 [   6    0    0    0    0    0    0    0    0    0    0    0    0    0
     0    0    0]
 [   0    0    0    0    0    1    0    0    0    0    0    0    0    0
     0    0    0]
 [   1    0    1    0    0    0    0    0    0    0    0    9    0    0
     0    0    0]
 [   1    0    0    0    0    0    0    0    0    0    0    0    0    0
     0    0    0]
 [   0    1    0    0    0    0    0    0    0    0    0    0    0    0
     0    0    0]
 [   0    0    0    0    0    0    0    0    0    0    0    0    0    0
     0    0    0]
 [   2    0    0    0    0    0    0    0    0    0    0    0    0    0
     0    0    0]
 [   0    0    0    0    0    0    1    0    0    0    0    0    0    0
     0    0    0]]