             precision    recall  f1-score   support

      trong       0.95      0.99      0.97     16092
      trọng       0.92      0.85      0.88      1563
      Trong       0.94      0.56      0.70       427
      trông       0.87      0.78      0.82       785
      trống       0.90      0.71      0.80       330
      Trọng       0.99      0.99      0.99      5432
      tròng       0.88      0.14      0.24        50
      trồng       0.67      0.04      0.07        51
      tróng       0.00      0.00      0.00         1
      Trông       0.00      0.00      0.00         3
      TRONG       0.00      0.00      0.00         2
      Tròng       0.00      0.00      0.00         1

avg / total       0.96      0.96      0.95     24737
