[[15876    92     8    72    14    28     1     1     0     0     0     0]
 [  211  1335     1     9     2     5     0     0     0     0     0     0]
 [  180     1   239     1     1     5     0     0     0     0     0     0]
 [  158    11     1   611     4     0     0     0     0     0     0     0]
 [   84     4     0     5   235     2     0     0     0     0     0     0]
 [   34    10     2     2     2  5382     0     0     0     0     0     0]
 [   42     0     0     1     0     0     7     0     0     0     0     0]
 [   42     2     1     2     2     0     0     2     0     0     0     0]
 [    1     0     0     0     0     0     0     0     0     0     0     0]
 [    2     0     0     1     0     0     0     0     0     0     0     0]
 [    2     0     0     0     0     0     0     0     0     0     0     0]
 [    0     0     1     0     0     0     0     0     0     0     0     0]]