[[228  35   2   0  67   1   7   0   0   0   0]
 [  3 457   1   0   5   0   1   1   0   1   0]
 [  8  15  17   0   0   0   1   0   0   0   0]
 [  0   1   0   0   0   0   0   0   0   0   0]
 [ 27   5   2   0 165   0   0   0   0   0   0]
 [  0   3   0   0   0  60   0   0   0   0   0]
 [  4   8   0   0   2   0  34   0   0   0   0]
 [  0   0   0   0   1   0   0   0   0   0   0]
 [  2   0   0   0   0   0   0   0   2   0   1]
 [  0   1   0   0   0   0   0   0   0   2   0]
 [  0   0   0   0   0   0   0   0   0   0   1]]