             precision    recall  f1-score   support

       tròn       0.84      0.67      0.75       340
       trốn       0.87      0.97      0.92       469
       trơn       0.77      0.41      0.54        41
       Trọn       0.00      0.00      0.00         1
       trợn       0.69      0.83      0.75       199
       trộn       0.98      0.95      0.97        63
       trọn       0.79      0.71      0.75        48
       tron       0.00      0.00      0.00         1
       trôn       1.00      0.40      0.57         5
       Trốn       0.67      0.67      0.67         3
       trớn       0.50      1.00      0.67         1

avg / total       0.83      0.82      0.82      1171
