             precision    recall  f1-score   support

        trứ       1.00      0.88      0.93         8
        trụ       0.85      0.78      0.81       147
        trừ       0.85      0.96      0.91       677
        tru       0.80      0.54      0.64        65
        trù       0.80      0.45      0.58        62
        trú       0.75      0.83      0.79        58
        Tru       0.97      0.98      0.97       169
        Trừ       0.94      0.52      0.67        29
        trư       0.67      0.50      0.57         8
        trữ       0.00      0.00      0.00         0
        Trư       1.00      0.50      0.67        14
        Trụ       1.00      1.00      1.00         9
        TRU       1.00      0.17      0.29         6
        trủ       0.00      0.00      0.00         1
        TRỤ       0.00      0.00      0.00         1
        Trù       0.00      0.00      0.00         1
        Trú       0.00      0.00      0.00         1

avg / total       0.86      0.86      0.85      1257
