[[  7   0   1   0   0   0   0   0   0   0   0   0   0   0   0   0   0   0]
 [  0 115  23   2   0   6   0   0   1   0   0   0   0   0   0   0   0   0]
 [  0   9 646   9   4   5   2   1   1   0   0   0   0   0   0   0   0   0]
 [  0   1  25  36   0   1   2   0   0   0   0   0   0   0   0   0   0   0]
 [  0   3  25   0  31   3   0   0   0   0   0   0   0   0   0   0   0   0]
 [  0   1   6   2   1  48   0   0   0   0   0   0   0   0   0   0   0   0]
 [  0   1   0   0   0   2 165   1   0   0   0   0   0   0   0   0   0   0]
 [  0   0  13   0   1   0   0  15   0   0   0   0   0   0   0   0   0   0]
 [  0   0   4   0   0   0   0   0   4   0   0   0   0   0   0   0   0   0]
 [  0   0   0   0   0   0   0   0   0   0   0   0   0   0   0   0   0   0]
 [  0   1   4   0   1   0   0   0   0   1   7   0   0   0   0   0   0   0]
 [  0   0   0   0   0   0   0   0   0   0   0   9   0   0   0   0   0   0]
 [  0   3   2   0   0   0   0   0   0   0   0   0   1   0   0   0   0   0]
 [  0   0   0   0   0   0   1   0   0   0   0   0   0   0   0   0   0   0]
 [  0   1   0   0   0   0   0   0   0   0   0   0   0   0   0   0   0   0]
 [  0   1   0   0   0   0   0   0   0   0   0   0   0   0   0   0   0   0]
 [  0   1   0   0   0   0   0   0   0   0   0   0   0   0   0   0   0   0]
 [  0   0   1   0   0   0   0   0   0   0   0   0   0   0   0   0   0   0]]