             precision    recall  f1-score   support

      trung       0.88      0.88      0.88      1040
      Trung       0.91      0.94      0.93      1386
      trúng       0.91      0.92      0.92       721
      trưng       0.91      0.62      0.74        34
      trùng       0.86      0.83      0.85       292
      trừng       0.94      0.90      0.92       235
      Trừng       0.86      0.91      0.88       134
      trứng       0.89      0.52      0.65        33
      Trưng       0.00      0.00      0.00         3
      TRỪNG       0.00      0.00      0.00         1
      Trủng       1.00      1.00      1.00         1
      Trùng       1.00      0.67      0.80        27
      trũng       0.00      0.00      0.00         6
      Trúng       0.00      0.00      0.00         3
      TRUNG       0.00      0.00      0.00         3
      trửng       0.00      0.00      0.00         2
      trựng       0.00      0.00      0.00         1

avg / total       0.89      0.90      0.90      3922
