[[ 915   87   18    0   11    1    7    1    0    0    0    0    0    0
     0    0    0]
 [  54 1308   12    0    6    1    4    0    0    0    0    0    0    0
     1    0    0]
 [  24   11  666    2    9    8    1    0    0    0    0    0    0    0
     0    0    0]
 [   5    6    0   21    0    0    2    0    0    0    0    0    0    0
     0    0    0]
 [  19    8   18    0  243    1    2    1    0    0    0    0    0    0
     0    0    0]
 [   5    3    7    0    7  212    1    0    0    0    0    0    0    0
     0    0    0]
 [  10    1    1    0    0    0  122    0    0    0    0    0    0    0
     0    0    0]
 [   4    3    6    0    2    0    1   17    0    0    0    0    0    0
     0    0    0]
 [   0    2    0    0    1    0    0    0    0    0    0    0    0    0
     0    0    0]
 [   0    0    0    0    0    0    1    0    0    0    0    0    0    0
     0    0    0]
 [   0    0    0    0    0    0    0    0    0    0    1    0    0    0
     0    0    0]
 [   4    1    1    0    2    0    1    0    0    0    0   18    0    0
     0    0    0]
 [   2    2    0    0    0    2    0    0    0    0    0    0    0    0
     0    0    0]
 [   0    2    1    0    0    0    0    0    0    0    0    0    0    0
     0    0    0]
 [   0    3    0    0    0    0    0    0    0    0    0    0    0    0
     0    0    0]
 [   0    1    1    0    0    0    0    0    0    0    0    0    0    0
     0    0    0]
 [   0    0    1    0    0    0    0    0    0    0    0    0    0    0
     0    0    0]]