             precision    recall  f1-score   support

     Trương       0.97      0.96      0.96      1638
     trưởng       0.89      0.91      0.90       625
     trường       0.89      0.95      0.92      1578
     Trường       0.93      0.92      0.93       745
     trượng       0.88      0.86      0.87       620
     trướng       0.90      0.76      0.83       165
     Trượng       0.76      0.39      0.52        33
     trương       0.96      0.85      0.90       190
     Trưởng       0.79      0.53      0.64        43
     Trưong       0.00      0.00      0.00         1
     truồng       0.73      1.00      0.85        11
     Truơng       0.00      0.00      0.00         2
     trưỡng       0.00      0.00      0.00         1
     truởng       0.00      0.00      0.00         2
     Trướng       0.00      0.00      0.00         1
     truờng       0.00      0.00      0.00         1
     trưòng       0.00      0.00      0.00         1

avg / total       0.92      0.92      0.92      5657
