             precision    recall  f1-score   support

      trước       0.99      1.00      0.99      5624
      Trước       0.99      0.57      0.73       115
      truớc       0.00      0.00      0.00         6
      trươc       0.00      0.00      0.00         5
      trúơc       0.00      0.00      0.00         2
      trứơc       0.00      0.00      0.00         4
      trưóc       0.00      0.00      0.00         2
      trược       0.00      0.00      0.00         1
      trứoc       0.00      0.00      0.00         1

avg / total       0.98      0.99      0.98      5760
