[[1570   21   21    7    8    0    0    3    2    1    0    5    0    0
     0    0    0    0]
 [  10  570   27   10    6    1    0    0    1    0    0    0    0    0
     0    0    0    0]
 [   7   17 1493   26   28    3    0    1    2    0    0    0    0    0
     0    0    0    1]
 [  13    4   33  686    4    5    0    0    0    0    0    0    0    0
     0    0    0    0]
 [  14   13   42    4  536    4    4    0    1    0    2    0    0    0
     0    0    0    0]
 [   0    4   27    2    5  126    0    1    0    0    0    0    0    0
     0    0    0    0]
 [   0    0    1    1   17    0   13    0    0    0    1    0    0    0
     0    0    0    0]
 [   3    2   17    2    4    1    0  161    0    0    0    0    0    0
     0    0    0    0]
 [   4    9    5    0    1    0    0    1   23    0    0    0    0    0
     0    0    0    0]
 [   1    0    0    0    0    0    0    0    0    0    0    0    0    0
     0    0    0    0]
 [   0    0    0    0    0    0    0    0    0    0   11    0    0    0
     0    0    0    0]
 [   2    0    0    0    0    0    0    0    0    0    0    0    0    0
     0    0    0    0]
 [   0    0    0    0    0    0    0    0    0    0    1    0    0    0
     0    0    0    0]
 [   0    2    0    0    0    0    0    0    0    0    0    0    0    0
     0    0    0    0]
 [   0    0    1    0    0    0    0    0    0    0    0    0    0    0
     0    0    0    0]
 [   0    0    1    0    0    0    0    0    0    0    0    0    0    0
     0    0    0    0]
 [   0    0    1    0    0    0    0    0    0    0    0    0    0    0
     0    0    0    0]
 [   0    0    0    0    0    0    0    0    0    0    0    0    0    0
     0    0    0    0]]