             precision    recall  f1-score   support

         tu       0.89      0.80      0.84       559
         từ       0.86      0.91      0.89      6795
         tư       0.81      0.76      0.79       668
         tử       0.91      0.93      0.92      5618
         tứ       0.78      0.61      0.68       418
         tự       0.84      0.83      0.84      3471
         Tu       0.84      0.57      0.68        54
         Tử       0.95      0.94      0.94      6405
         Từ       0.91      0.90      0.91      3648
         Tứ       0.80      0.76      0.78       227
         tú       0.75      0.66      0.70       142
         Tú       0.95      0.95      0.95       608
         tụ       0.83      0.73      0.78       387
         tủ       0.64      0.33      0.43        64
         tù       0.74      0.47      0.57       136
         Tư       0.84      0.80      0.82       432
         Tự       0.89      0.85      0.87       226
         tữ       0.00      0.00      0.00         4
         Tụ       0.80      0.42      0.55        19
         Tữ       0.00      0.00      0.00         4
         TỰ       0.00      0.00      0.00         2
         Tủ       0.00      0.00      0.00         2
         Tù       0.00      0.00      0.00         2
         TƯ       0.00      0.00      0.00         2

avg / total       0.89      0.89      0.89     29893
