[[ 445   43    6   19    4   13    0    3    1    0    4    0   17    0
     2    2    0    0    0    0    0    0    0    0]
 [   8 6212   32  153   14  248    0   30   50    3    5    8   13    0
     9   10    0    0    0    0    0    0    0    0]
 [   7   64  508   29    2   37    1    3    5    0    3    1    2    0
     2    4    0    0    0    0    0    0    0    0]
 [   7  167   22 5221   10   78    1   63    8   10    5    0    9    6
     3    7    0    1    0    0    0    0    0    0]
 [   3   65    3   22  255   37    0    9    2   19    0    0    0    0
     1    2    0    0    0    0    0    0    0    0]
 [  10  316   25  128   14 2891    1   30    8    1    6    3   14    1
     0    5   17    0    1    0    0    0    0    0]
 [   1    6    4    3    0    3   31    0    1    0    1    0    0    1
     0    3    0    0    0    0    0    0    0    0]
 [   2   40    2   61    2   17    1 5998  250    3    1    3    1    1
     2   19    2    0    0    0    0    0    0    0]
 [   4  120    8   21    4   14    0  165 3299    4    0    3    0    1
     0    1    4    0    0    0    0    0    0    0]
 [   0   13    0    8   17    4    0    5    5  172    1    1    1    0
     0    0    0    0    0    0    0    0    0    0]
 [   0   12    6    7    0   11    0    0    1    0   94    5    1    0
     2    3    0    0    0    0    0    0    0    0]
 [   2   10    0    3    3    5    0    2    1    0    1  577    0    0
     1    3    0    0    0    0    0    0    0    0]
 [  12   36    3   19    1   21    0    5    4    0    0    0  283    0
     0    1    1    0    1    0    0    0    0    0]
 [   0   15    0   18    0    6    0    1    0    1    0    0    0   21
     0    2    0    0    0    0    0    0    0    0]
 [   0   32    4   20    0   12    0    0    0    0    0    0    0    1
    64    3    0    0    0    0    0    0    0    0]
 [   0   21    1    6    1   21    2   15    3    0    4    8    1    1
     0  347    1    0    0    0    0    0    0    0]
 [   0    6    0   11    0   13    0    2    1    0    0    0    0    0
     0    0  193    0    0    0    0    0    0    0]
 [   0    0    0    4    0    0    0    0    0    0    0    0    0    0
     0    0    0    0    0    0    0    0    0    0]
 [   0    8    0    1    0    0    0    0    1    0    0    0    1    0
     0    0    0    0    8    0    0    0    0    0]
 [   0    0    0    0    0    0    0    2    0    2    0    0    0    0
     0    0    0    0    0    0    0    0    0    0]
 [   0    0    0    1    0    0    0    0    0    1    0    0    0    0
     0    0    0    0    0    0    0    0    0    0]
 [   0    0    0    0    0    1    0    1    0    0    0    0    0    0
     0    0    0    0    0    0    0    0    0    0]
 [   0    0    1    0    0    0    0    0    0    0    0    0    0    0
     1    0    0    0    0    0    0    0    0    0]
 [   0    1    0    0    0    0    0    0    0    0    0    0    0    0
     0    1    0    0    0    0    0    0    0    0]]