             precision    recall  f1-score   support

       tuần       0.85      0.87      0.86       152
       tuấn       0.95      0.95      0.95       160
       Tuấn       0.98      0.96      0.97       392
       Tuần       0.95      0.96      0.95       192
       tuân       0.95      0.95      0.95       191
       Tuân       0.93      0.96      0.95       194
       tuẩn       0.00      0.00      0.00         2
       tuẫn       1.00      0.25      0.40         4

avg / total       0.94      0.94      0.94      1287
