             precision    recall  f1-score   support

        tức       0.99      0.99      0.99      3846
        tục       0.96      0.96      0.96       836
        túc       0.97      0.78      0.86        76
        tực       0.00      0.00      0.00         4
        Túc       1.00      0.58      0.74        12
        Tức       0.00      0.00      0.00         8
        Tục       0.50      0.20      0.29         5
        tưc       0.00      0.00      0.00         3

avg / total       0.98      0.98      0.98      4790
