             precision    recall  f1-score   support

       tung       0.94      0.93      0.93       812
       từng       0.94      0.97      0.96      1711
       Tùng       0.93      0.94      0.94       371
       túng       0.90      0.95      0.92       160
       Tung       0.99      0.96      0.97       288
       tùng       0.92      0.73      0.81       164
       tụng       0.94      0.88      0.91       130
       tưng       0.75      0.60      0.67        15
       Từng       0.00      0.00      0.00         2
       Tụng       0.00      0.00      0.00         1
       tủng       0.00      0.00      0.00         1
       Tủng       0.00      0.00      0.00         1

avg / total       0.94      0.94      0.94      3656
