[[ 753   42    0   13    1    1    1    1    0    0    0    0]
 [  29 1663    5    4    0    4    5    1    0    0    0    0]
 [   1   16  349    0    0    5    0    0    0    0    0    0]
 [   4    4    0  152    0    0    0    0    0    0    0    0]
 [   9    2    0    0  276    0    1    0    0    0    0    0]
 [   2   21   20    0    2  119    0    0    0    0    0    0]
 [   3   10    0    0    0    1  115    1    0    0    0    0]
 [   2    4    0    0    0    0    0    9    0    0    0    0]
 [   0    2    0    0    0    0    0    0    0    0    0    0]
 [   0    1    0    0    0    0    0    0    0    0    0    0]
 [   0    1    0    0    0    0    0    0    0    0    0    0]
 [   0    1    0    0    0    0    0    0    0    0    0    0]]