             precision    recall  f1-score   support

       tuổi       0.94      0.99      0.96       686
       tươi       0.96      0.95      0.95       450
       tưới       0.83      0.25      0.38        20
       tưởi       1.00      0.45      0.62        11
       tưởI       1.00      1.00      1.00         1
       Tuổi       1.00      0.60      0.75         5
       tuổI       0.00      0.00      0.00         1
       tuồi       0.00      0.00      0.00         1
       tười       0.00      0.00      0.00         1

avg / total       0.95      0.95      0.94      1176
