             precision    recall  f1-score   support

      tưởng       0.87      0.90      0.88      1382
      tượng       0.83      0.80      0.81       706
      tương       0.89      0.84      0.86       582
      tường       0.86      0.84      0.85       574
      tướng       0.90      0.95      0.92      2068
      Tượng       1.00      0.29      0.44         7
      Tường       0.81      0.73      0.77       224
      tuồng       0.68      0.33      0.45        39
      Tướng       0.85      0.87      0.86       310
      Tương       0.83      0.79      0.81       366
      tuông       0.92      0.92      0.92        12
      Tưởng       1.00      0.15      0.26        27
      tuởng       0.00      0.00      0.00         5
      Tuồng       0.00      0.00      0.00         1
      tuớng       0.00      0.00      0.00         1
      tựơng       0.00      0.00      0.00         1
      tuơng       0.00      0.00      0.00         1
      tuợng       0.00      0.00      0.00         1
      tuống       0.00      0.00      0.00         1
      tưòng       0.00      0.00      0.00         1
      từong       0.00      0.00      0.00         1

avg / total       0.87      0.87      0.87      6310
