[[1240   63   12    8   52    0    2    1    1    3    0    0    0    0
     0    0    0    0    0    0    0]
 [  63  568    7   33   33    0    1    1    0    0    0    0    0    0
     0    0    0    0    0    0    0]
 [  35   13  486   11   23    0    0    0    3   11    0    0    0    0
     0    0    0    0    0    0    0]
 [  21   17   11  485   35    0    2    1    0    2    0    0    0    0
     0    0    0    0    0    0    0]
 [  33   19   13    9 1966    0    2    1   23    2    0    0    0    0
     0    0    0    0    0    0    0]
 [   0    3    0    0    0    2    0    0    2    0    0    0    0    0
     0    0    0    0    0    0    0]
 [   6    1    0    4    9    0  164    1    2   37    0    0    0    0
     0    0    0    0    0    0    0]
 [   2    2    5    3   13    0    0   13    0    0    1    0    0    0
     0    0    0    0    0    0    0]
 [   5    0    3    1   28    0    0    0  269    4    0    0    0    0
     0    0    0    0    0    0    0]
 [   7    0    7    5   17    0   30    0   10  290    0    0    0    0
     0    0    0    0    0    0    0]
 [   1    0    0    0    0    0    0    0    0    0   11    0    0    0
     0    0    0    0    0    0    0]
 [   6    0    2    0    6    0    1    0    8    0    0    4    0    0
     0    0    0    0    0    0    0]
 [   5    0    0    0    0    0    0    0    0    0    0    0    0    0
     0    0    0    0    0    0    0]
 [   0    0    1    0    0    0    0    0    0    0    0    0    0    0
     0    0    0    0    0    0    0]
 [   0    0    0    0    1    0    0    0    0    0    0    0    0    0
     0    0    0    0    0    0    0]
 [   0    1    0    0    0    0    0    0    0    0    0    0    0    0
     0    0    0    0    0    0    0]
 [   0    0    1    0    0    0    0    0    0    0    0    0    0    0
     0    0    0    0    0    0    0]
 [   0    1    0    0    0    0    0    0    0    0    0    0    0    0
     0    0    0    0    0    0    0]
 [   0    0    0    0    0    0    0    1    0    0    0    0    0    0
     0    0    0    0    0    0    0]
 [   0    0    0    1    0    0    0    0    0    0    0    0    0    0
     0    0    0    0    0    0    0]
 [   0    0    0    1    0    0    0    0    0    0    0    0    0    0
     0    0    0    0    0    0    0]]