             precision    recall  f1-score   support

        Tuỳ       0.64      0.44      0.52        36
        tuy       0.92      0.99      0.95      1630
        tuỳ       0.33      0.16      0.21       102
        tùy       0.69      0.74      0.71       283
        Tùy       0.65      0.49      0.56        57
        tụy       0.87      0.62      0.72        21
        Tuy       0.91      0.51      0.66        76
        tủy       0.33      0.17      0.22         6
        Tuỵ       0.00      0.00      0.00         1
        tuỵ       0.20      0.33      0.25         3
        Túy       0.96      0.95      0.95        55
        túy       0.69      0.45      0.55        20
        tuỷ       1.00      0.33      0.50         3
        tũy       0.00      0.00      0.00         1
        tuý       0.00      0.00      0.00         4

avg / total       0.85      0.87      0.85      2298
