[[  16    5    0    2   10    0    3    0    0    0    0    0    0    0
     0]
 [   1 1610    3    9    3    0    1    1    0    0    1    1    0    0
     0]
 [   0   12   16   73    1    0    0    0    0    0    0    0    0    0
     0]
 [   0   45   28  209    1    0    0    0    0    0    0    0    0    0
     0]
 [   8   16    1    4   28    0    0    0    0    0    0    0    0    0
     0]
 [   0    4    0    0    0   13    0    0    0    4    0    0    0    0
     0]
 [   0   34    0    2    0    0   39    0    0    0    0    1    0    0
     0]
 [   0    4    0    1    0    0    0    1    0    0    0    0    0    0
     0]
 [   0    1    0    0    0    0    0    0    0    0    0    0    0    0
     0]
 [   0    0    0    0    0    2    0    0    0    1    0    0    0    0
     0]
 [   0    1    0    2    0    0    0    0    0    0   52    0    0    0
     0]
 [   0   10    0    0    0    0    0    0    0    0    1    9    0    0
     0]
 [   0    1    0    0    0    0    0    1    0    0    0    0    1    0
     0]
 [   0    1    0    0    0    0    0    0    0    0    0    0    0    0
     0]
 [   0    2    0    0    0    0    0    0    0    0    0    2    0    0
     0]]