             precision    recall  f1-score   support

         tỷ       0.90      0.98      0.94      1463
         tỳ       0.97      0.94      0.95       284
         tý       0.94      0.51      0.66        61
         Tỳ       0.67      0.22      0.33         9
         Ty       0.88      0.63      0.73        35
         ty       0.90      0.81      0.85       139
         tỵ       0.82      0.56      0.67        16
         tỹ       0.35      0.17      0.23        53
         Tý       0.30      0.25      0.27        12
         Tỷ       0.74      0.48      0.58        65
         Tỵ       0.00      0.00      0.00         5

avg / total       0.89      0.90      0.89      2142
