[[1438    4    0    0    0    0    0   14    0    7    0]
 [  11  267    0    0    0    1    0    3    0    2    0]
 [  22    0   31    0    0    2    0    0    6    0    0]
 [   3    3    0    2    0    1    0    0    0    0    0]
 [   3    0    0    0   22    8    0    0    0    1    1]
 [  22    1    0    0    1  113    2    0    0    0    0]
 [   5    0    0    0    0    1    9    0    1    0    0]
 [  44    0    0    0    0    0    0    9    0    0    0]
 [   5    1    2    0    0    0    0    0    3    1    0]
 [  33    0    0    1    0    0    0    0    0   31    0]
 [   3    0    0    0    2    0    0    0    0    0    0]]