             precision    recall  f1-score   support

          u       0.85      0.96      0.90       341
          U       0.94      0.91      0.93        92
          ư       0.96      0.93      0.94       140
          ừ       0.89      0.67      0.76        24
          ú       0.96      0.86      0.91        28
          ù       0.74      0.64      0.68        39
          ụ       0.00      0.00      0.00         2
          ủ       0.95      0.82      0.88        44
          ứ       0.00      0.00      0.00         9
          Ừ       0.00      0.00      0.00         3
          ử       0.33      0.20      0.25         5

avg / total       0.87      0.88      0.87       727
