[[327   2   1   1   0   9   0   1   0   0   0]
 [  7  84   0   0   0   0   0   1   0   0   0]
 [  7   1 130   0   0   0   0   0   0   0   2]
 [  8   0   0  16   0   0   0   0   0   0   0]
 [  3   0   1   0  24   0   0   0   0   0   0]
 [ 11   1   2   0   0  25   0   0   0   0   0]
 [  2   0   0   0   0   0   0   0   0   0   0]
 [  6   1   0   0   1   0   0  36   0   0   0]
 [  7   0   1   1   0   0   0   0   0   0   0]
 [  3   0   0   0   0   0   0   0   0   0   0]
 [  3   0   1   0   0   0   0   0   0   0   1]]