[[921   2   0   5  21   0   0   7   0   1   0   1   0]
 [  3 132   0   0   2   1   0   2   0   0   0   0   0]
 [  1   0  35   0   1   0   0   2   0   0   0   1   0]
 [  3   0   0 249   0   0   0   0   0   0   0   0   0]
 [ 30   1   0   1 266   0   0   0   0   0   0   1   0]
 [  0   0   0   0   0  82   0   0   0   0   0   3   0]
 [  1   0   0   0   0   0  20   0   0   0   0   0   0]
 [ 11   1   0   0   1   0   0 141   0   0   0   1   0]
 [  2   0   0   0   0   0   1   1   5   0   0   0   0]
 [  0   0   0   1   0   0   0   0   0  76   0   0   0]
 [  0   0   0   0   0   0   0   1   0   0   0   0   0]
 [ 10   0   1   0   1   0   0   0   0   0   0  52   0]
 [  0   0   0   0   0   0   1   0   0   0   0   0   0]]