             precision    recall  f1-score   support

        ứng       0.94      0.96      0.95       958
        ủng       0.97      0.94      0.96       140
        Ưng       0.97      0.88      0.92        40
        ung       0.97      0.99      0.98       252
        Ứng       0.91      0.89      0.90       299
        ửng       0.99      0.96      0.98        85
        ừng       0.91      0.95      0.93        21
        ưng       0.92      0.91      0.91       155
        ùng       1.00      0.56      0.71         9
        úng       0.99      0.99      0.99        77
        ũng       0.00      0.00      0.00         1
        Ung       0.88      0.81      0.85        64
        ựng       0.00      0.00      0.00         1

avg / total       0.94      0.94      0.94      2102
