             precision    recall  f1-score   support

       uống       0.96      0.99      0.98       969
       uổng       0.91      0.88      0.89       143
       Uống       1.00      0.43      0.60        21
       ương       0.93      0.84      0.89        32
       ưởng       1.00      0.94      0.97        16
       Uổng       0.00      0.00      0.00         5
       uỗng       0.00      0.00      0.00         1
       Uông       0.00      0.00      0.00         1
       Ương       0.00      0.00      0.00         1
       uồng       0.00      0.00      0.00         1
       uông       1.00      1.00      1.00         6

avg / total       0.95      0.95      0.95      1196
