             precision    recall  f1-score   support

         uy       0.96      1.00      0.98       611
         ủy       0.62      0.58      0.60        59
         Uy       0.99      0.94      0.97       292
         uỷ       0.55      0.29      0.37        21
         uý       0.37      0.28      0.32        25
         úy       0.70      0.75      0.72        72
         Uỷ       0.81      0.87      0.84        62
         Ủy       0.00      0.00      0.00         2
         Uý       0.00      0.00      0.00         1
         Úy       1.00      1.00      1.00         1

avg / total       0.90      0.91      0.90      1146
