             precision    recall  f1-score   support

         và       0.99      1.00      0.99      9778
         VÀ       1.00      1.00      1.00         1
         vả       0.71      0.79      0.75       123
         vạ       0.87      0.36      0.51        36
         Và       0.00      0.00      0.00        18
         va       0.92      0.40      0.55        83
         vã       0.94      0.78      0.85        95
         Vả       0.80      0.24      0.36        17
         vá       0.00      0.00      0.00        10
         Vâ       0.00      0.00      0.00         1
         vầ       0.00      0.00      0.00         1
         vậ       0.00      0.00      0.00         1
         vẫ       0.00      0.00      0.00         1

avg / total       0.98      0.98      0.98     10165
