             precision    recall  f1-score   support

        vài       0.93      0.94      0.94       795
        vải       0.88      0.78      0.83       133
        vai       0.92      0.97      0.95       818
        vãi       0.92      0.61      0.73        36
        vái       0.95      0.54      0.69        35
        Vai       0.00      0.00      0.00         1
        Vài       1.00      0.33      0.50         3
        vại       0.00      0.00      0.00         4

avg / total       0.92      0.92      0.92      1825
