[[ 847   29   21   11    0    1    1    0    2    3    1    0    2    0
     0    0    1    4    0    0    0    0    0    0    0    0    0    0
     0    0]
 [  11 4753   24   28    0   37   49    1    5   30    9    1    0    1
     0    0    3    6    0    1    0    0    0    0    1    0    0    0
     0    0]
 [   7   93  326   11    0   17   13    3    5    5    0    0    0    0
     0    0    1    4    0    0    1    0    0    0    0    0    0    0
     0    0]
 [   7   46    6 1334    0   18    3    0    7    3    0    1    0    0
    55    0    1    5    0    1    0    0    0    0    0    0    0    0
     0    0]
 [   0    6    1    0   15    1    2    0    2    1    0    0    0    0
     0    0    0    0    0    0    0    0    0    0    0    0    0    0
     0    0]
 [   6   62   10   18    0  760   12    6    1    4    5    0    0    0
     0    0    2   16    0    0    0    0    0    0    0    0    0    0
     0    0]
 [   3  112    8    7    0    9  627    1    4    4    0    0    0    0
     0    0    1    3    0    4    0    0    0    0    1    0    0    0
     0    0]
 [   0    1    0    0    0    2    0   21    0    0    0    0    0    0
     0    0    0    0    0    0    2    0    0    0    0    0    0    0
     0    0]
 [   6   27    4   51    4    5   15    0  150    1    0    0    1    0
     2    0    1    0    0    2    0    0    0    0    0    0    0    0
     0    0]
 [   3   34    2    2    2    5    8    0    2  530    2    0    0    1
     0    1    0    0    0    0    0    0    0    0    0    0    0    0
     0    0]
 [   0   10    1    1    0    0    2    1    0    0  249    0    4    1
     0    0    0    0    0    1    0    0    0    0    0    0    0    0
     0    0]
 [   1    0    0    0    0    0    7    0    0    0    1   18    1    0
     0    0    0    0    0    0    0    0    0    0    0    0    0    0
     0    0]
 [   1    1    0    0    0    0    0    0    0    0   17    0   74    0
     0    0    0    0    0    0    0    0    0    0    0    0    0    0
     0    0]
 [   2    9    2    2    0    4    0    0    0    0    0    0    0   15
     0    0    0    0    0    1    0    0    0    0    0    0    0    0
     0    0]
 [   0    4    1   30    0    0    0    0    0    5    0    1    0    0
   188    0    0    0    0    0    0    0    0    0    0    0    0    0
     0    0]
 [   0    4    1    0    0    2    0    0    0    0    0    0    0    0
     0    2    0    0    0    0    0    0    0    0    0    0    0    0
     0    0]
 [   2   11    4    1    0    5    2    0    0    3    0    0    0    0
     0    0   40    0    0    1    0    0    0    0    0    0    0    2
     0    0]
 [   3   12    1    6    0   22    1    0    0    0    0    0    0    0
     0    0    0  235    0    0    0    1    0    0    0    0    0    0
     0    0]
 [   0    0    0    0    0    0    0    0    0    0    1    0    0    0
     0    0    0    0    0    0    0    0    0    0    0    0    0    0
     0    0]
 [   0   29    0    1    0    2    1    0    0    1    9    0    0    0
     1    0    1    0    0   28    0    0    0    0    0    0    0    0
     0    0]
 [   0    8    1    0    0    1    2    3    0    1    0    0    0    0
     0    0    0    0    0    0   15    0    0    0    0    0    0    0
     0    0]
 [   0   10    0    0    0    0    0    0    0    0    0    0    1    0
     0    0    0    0    0    0    0    1    0    0    0    0    0    0
     0    0]
 [   0    0    1    0    0    0    0    0    0    0    0    0    0    0
     0    0    0    0    0    0    0    0    0    0    0    0    0    0
     0    0]
 [   0    0    0    0    0    0    0    0    0    0    0    0    0    1
     0    0    0    0    0    0    0    0    0    0    0    0    0    0
     0    0]
 [   0    6    0    0    0    1    0    0    0    0    0    0    0    0
     0    0    0    0    0    0    0    0    0    0    1    0    0    0
     0    0]
 [   0    0    0    1    0    0    0    0    0    0    0    0    0    0
     0    0    0    0    0    0    0    0    0    0    0    0    0    0
     0    0]
 [   0    1    0    0    0    0    0    0    0    0    0    0    0    0
     0    0    0    0    0    0    0    0    0    0    0    0    0    0
     0    0]
 [   0    0    0    0    0    0    0    0    0    0    0    0    0    0
     0    0    0    0    0    0    0    0    0    0    0    0    0    0
     0    0]
 [   1    0    1    0    0    0    0    0    0    0    0    0    0    0
     0    0    0    0    0    0    0    0    0    0    0    0    0    0
     0    0]
 [   0    0    0    0    0    1    0    0    0    0    0    0    0    0
     0    0    0    0    0    0    0    0    0    0    0    0    0    0
     0    0]]