             precision    recall  f1-score   support

        Văn       0.94      0.92      0.93       923
        vẫn       0.90      0.96      0.93      4960
        văn       0.79      0.67      0.72       486
        Vân       0.89      0.90      0.89      1487
        vần       0.71      0.54      0.61        28
        vạn       0.85      0.84      0.85       902
        vận       0.84      0.80      0.82       784
        vàn       0.58      0.81      0.68        26
        vân       0.84      0.56      0.67       269
        vấn       0.90      0.90      0.90       592
        vãn       0.85      0.92      0.88       270
        Vận       0.86      0.64      0.73        28
        Vãn       0.89      0.80      0.84        93
        van       0.79      0.43      0.56        35
        Vấn       0.76      0.82      0.79       229
        vắn       0.67      0.22      0.33         9
        ván       0.78      0.56      0.66        71
        Vạn       0.86      0.84      0.85       281
        vản       0.00      0.00      0.00         1
        vặn       0.72      0.38      0.50        73
        vẩn       0.83      0.48      0.61        31
        Vẫn       0.50      0.08      0.14        12
        VÂN       0.00      0.00      0.00         1
        Van       0.00      0.00      0.00         1
        vằn       0.33      0.12      0.18         8
        vẳn       0.00      0.00      0.00         1
        vẵn       0.00      0.00      0.00         1
        VĂN       0.00      0.00      0.00         0
        VẠN       0.00      0.00      0.00         2

avg / total       0.88      0.88      0.88     11605
