[[  72    3   13    5    0    5    1    0    0    0    0    1    0    0
     0    0    0    0]
 [   1   11    8    3    0    0    1    1    0    0    0    0    0    2
     0    0    0    0]
 [   3    2 1073   26    4    6    3    2    0    0    1    2    2    1
     0    0    0    0]
 [   1    2   18 1285    1    2   13   17    0    0    0    0    0    0
     0    0    0    0]
 [   0    0    6    3   82    1    0    0    0    0    0    0    0    0
     0    0    0    0]
 [   0    0    9    6    0  212    0    0    0    0    0    0    0    1
     0    0    0    0]
 [   3    0   14   14    0    0   77   23    0    0    0    0    0    0
     0    0    0    0]
 [   0    1    2   16    0    0   24   46    0    0    0    0    0    0
     0    0    0    0]
 [   0    0    1    0    0    0    0    0    0    0    0    0    0    0
     0    0    0    0]
 [   0    0    2    0    0    1    0    0    0    0    0    0    2    0
     0    0    0    0]
 [   0    0    3    0    0    0    0    0    0    0    5    0    0    0
     0    0    0    0]
 [   0    0    4    1    0    0    0    0    0    0    0   23    0    0
     0    0    0    0]
 [   1    0    1    2    0    0    0    0    0    0    0    0    3    0
     0    0    0    0]
 [   0    0    0    0    0    0    0    0    0    0    0    0    0   33
     0    0    0    0]
 [   0    1    2    0    0    0    0    0    0    0    0    0    0    0
     1    0    0    0]
 [   0    0    0    0    1    0    0    0    0    0    0    0    0    0
     0    0    0    0]
 [   0    0    0    0    0    0    1    0    0    0    0    0    0    0
     0    0    0    0]
 [   0    0    2    1    0    0    0    0    0    0    0    0    0    0
     0    0    0    0]]