             precision    recall  f1-score   support

       vắng       0.89      0.72      0.80       100
       vãng       0.55      0.41      0.47        27
       vàng       0.93      0.95      0.94      1125
       vang       0.94      0.96      0.95      1339
       vầng       0.93      0.89      0.91        92
       vâng       0.93      0.93      0.93       228
       văng       0.64      0.59      0.61       131
       vẳng       0.52      0.52      0.52        89
       vậng       0.00      0.00      0.00         1
       Vâng       0.00      0.00      0.00         5
       vằng       0.83      0.62      0.71         8
       váng       0.88      0.82      0.85        28
       Vàng       0.43      0.43      0.43         7
       Vãng       0.89      1.00      0.94        33
       vảng       1.00      0.25      0.40         4
       Vầng       0.00      0.00      0.00         1
       vẵng       0.00      0.00      0.00         1
       vạng       0.00      0.00      0.00         3

avg / total       0.90      0.91      0.90      3222
