             precision    recall  f1-score   support

        Vật       0.40      0.25      0.31         8
        vật       0.96      0.99      0.97      1734
        vắt       0.96      0.50      0.66        44
        vất       0.86      0.81      0.84        86
        Vạt       0.00      0.00      0.00         1
        vặt       0.90      0.27      0.42        33
        vạt       0.94      0.85      0.89        71
        vát       0.00      0.00      0.00         1
        vầt       0.00      0.00      0.00         1
        VẬT       0.00      0.00      0.00         1

avg / total       0.95      0.95      0.94      1980
