             precision    recall  f1-score   support

        vậy       0.96      0.99      0.97      3260
        vây       0.91      0.91      0.91       453
        vẫy       0.90      0.85      0.87       176
        vay       0.90      0.45      0.60        20
        Vậy       0.92      0.74      0.82       197
        vẩy       0.60      0.17      0.26        18
        vầy       1.00      0.27      0.43        11
        váy       0.93      0.70      0.80        20
        vấy       0.00      0.00      0.00         8
        vậỵ       0.00      0.00      0.00         5
        Vây       0.00      0.00      0.00         1
        vảy       0.50      0.33      0.40         3
        vâỵ       0.00      0.00      0.00         1

avg / total       0.94      0.95      0.94      4173
