             precision    recall  f1-score   support

         về       0.95      0.98      0.96      6716
         vẻ       0.95      0.96      0.96      3470
         vệ       0.95      0.94      0.94      1100
         vẽ       0.73      0.33      0.46       207
         ve       0.97      0.64      0.77        44
         Về       0.83      0.49      0.61        39
         vê       0.00      0.00      0.00         3
         vể       0.00      0.00      0.00         3
         vè       0.00      0.00      0.00         4
         vế       0.88      0.32      0.47        22
         Vệ       0.90      0.43      0.58        21
         Vẽ       0.00      0.00      0.00         3
         Vẻ       0.00      0.00      0.00        10
         vé       1.00      0.50      0.67        14
         VỀ       0.00      0.00      0.00         1

avg / total       0.94      0.95      0.94     11657
