[[6550  103   49   11    1    0    0    0    0    1    1    0    0    0
     0]
 [ 125 3332    2   11    0    0    0    0    0    0    0    0    0    0
     0]
 [  55   10 1034    1    0    0    0    0    0    0    0    0    0    0
     0]
 [  88   46    4   69    0    0    0    0    0    0    0    0    0    0
     0]
 [  14    2    0    0   28    0    0    0    0    0    0    0    0    0
     0]
 [  20    0    0    0    0   19    0    0    0    0    0    0    0    0
     0]
 [   2    0    0    1    0    0    0    0    0    0    0    0    0    0
     0]
 [   2    1    0    0    0    0    0    0    0    0    0    0    0    0
     0]
 [   4    0    0    0    0    0    0    0    0    0    0    0    0    0
     0]
 [  13    0    1    1    0    0    0    0    0    7    0    0    0    0
     0]
 [   9    0    1    0    0    2    0    0    0    0    9    0    0    0
     0]
 [   1    0    0    0    0    2    0    0    0    0    0    0    0    0
     0]
 [   3    7    0    0    0    0    0    0    0    0    0    0    0    0
     0]
 [   2    5    0    0    0    0    0    0    0    0    0    0    0    7
     0]
 [   1    0    0    0    0    0    0    0    0    0    0    0    0    0
     0]]