             precision    recall  f1-score   support

         vi       0.90      0.76      0.82       468
         vị       0.93      0.94      0.93      3894
         vì       0.91      0.95      0.93      4034
         Vì       0.78      0.47      0.59       108
         Vi       0.98      0.98      0.98      3907
         ví       0.74      0.59      0.66        54
         Vị       0.77      0.67      0.72       124
         vĩ       0.83      0.68      0.75       111
         Vĩ       0.80      0.81      0.80        88
         Ví       1.00      0.20      0.33         5
         vỉ       0.00      0.00      0.00         4

avg / total       0.93      0.93      0.93     12797
