[[ 354   51   52    1    7    3    0    0    0    0    0]
 [  14 3651  200    1   17    3    5    3    0    0    0]
 [  19  167 3814    1   27    2    2    2    0    0    0]
 [   2    4   41   51    2    0    8    0    0    0    0]
 [   5   29   38    4 3820    0   10    1    0    0    0]
 [   0    7   15    0    0   32    0    0    0    0    0]
 [   0   23    7    7    4    0   83    0    0    0    0]
 [   0    4   11    0    2    0    0   76   18    0    0]
 [   0    3    4    0    0    0    0   10   71    0    0]
 [   0    0    1    0    0    3    0    0    0    1    0]
 [   0    0    4    0    0    0    0    0    0    0    0]]