             precision    recall  f1-score   support

       viên       0.81      0.86      0.83       546
       viễn       0.93      0.88      0.90       156
       Viên       0.96      0.93      0.95       586
       viện       0.82      0.88      0.85       525
       Viện       0.85      0.65      0.73        62
       viển       0.25      0.12      0.17         8
       Viễn       0.98      0.77      0.86        74
       viền       0.78      0.32      0.45        22
       VIỆN       0.00      0.00      0.00         1

avg / total       0.87      0.87      0.87      1980
