             precision    recall  f1-score   support

         vỗ       0.93      0.94      0.93       593
         vô       0.93      0.97      0.95      3868
         võ       0.93      0.94      0.94      2063
         vỏ       0.85      0.69      0.76       105
         vợ       0.85      0.84      0.85       400
         vờ       0.97      0.96      0.96       290
         Võ       0.89      0.83      0.86       325
         vỡ       0.86      0.72      0.79       358
         vó       0.99      0.93      0.96       164
         vo       1.00      0.37      0.54        19
         vở       0.83      0.54      0.66        35
         vò       0.74      0.51      0.60        49
         vớ       0.57      0.48      0.52        25
         Vợ       0.50      0.22      0.31         9
         Vô       0.92      0.90      0.91       416
         vơ       0.77      0.52      0.62        33
         vổ       0.00      0.00      0.00         4
         VÔ       0.00      0.00      0.00         1
         vồ       1.00      0.25      0.40        12
         vố       0.67      0.17      0.27        12
         vọ       0.50      0.33      0.40         3
         VÕ       1.00      0.25      0.40         4
         Vó       0.00      0.00      0.00         1
         Vỏ       0.00      0.00      0.00         1
         Vọ       0.00      0.00      0.00         1
         Vo       0.00      0.00      0.00         1

avg / total       0.92      0.92      0.92      8792
