[[ 558   15    2    2    1    0    1   10    1    0    0    0    0    0
     0    0    3    0    0    0    0    0    0    0    0    0]
 [   0 3771   60    2    8    6    1    3    0    0    1    0    1    0
    14    1    0    0    0    0    0    0    0    0    0    0]
 [   4   69 1942    7    7    3   14    4    0    0    3    2    0    0
     8    0    0    0    0    0    0    0    0    0    0    0]
 [   4   12    6   72    7    0    1    3    0    0    0    0    0    0
     0    0    0    0    0    0    0    0    0    0    0    0]
 [   9   33   14    1  337    0    0    3    0    0    0    0    1    1
     1    0    0    0    0    0    0    0    0    0    0    0]
 [   1    5    4    0    1  277    1    1    0    0    0    0    0    0
     0    0    0    0    0    0    0    0    0    0    0    0]
 [   2   18   25    0    5    1  269    0    0    0    0    0    0    0
     1    0    0    0    0    0    0    0    0    4    0    0]
 [   8   58   11    0    9    0    3  259    0    0    0    1    0    0
     6    2    0    0    0    1    0    0    0    0    0    0]
 [   0    4    4    0    4    0    0    0  152    0    0    0    0    0
     0    0    0    0    0    0    0    0    0    0    0    0]
 [   3    2    1    0    0    0    0    2    0    7    0    4    0    0
     0    0    0    0    0    0    0    0    0    0    0    0]
 [   0    4    5    0    1    0    1    5    0    0   19    0    0    0
     0    0    0    0    0    0    0    0    0    0    0    0]
 [   7    6    4    0    2    0    1    4    0    0    0   25    0    0
     0    0    0    0    0    0    0    0    0    0    0    0]
 [   1    5    3    0    0    0    0    0    0    0    0    2   12    0
     0    2    0    0    0    0    0    0    0    0    0    0]
 [   0    0    0    0    6    0    1    0    0    0    0    0    0    2
     0    0    0    0    0    0    0    0    0    0    0    0]
 [   0   33    3    0    1    0    4    1    0    0    0    0    0    1
   373    0    0    0    0    0    0    0    0    0    0    0]
 [   2    5    2    0    3    0    0    0    0    0    0    0    4    0
     0   17    0    0    0    0    0    0    0    0    0    0]
 [   4    0    0    0    0    0    0    0    0    0    0    0    0    0
     0    0    0    0    0    0    0    0    0    0    0    0]
 [   0    0    0    0    0    0    0    0    0    0    0    0    0    0
     1    0    0    0    0    0    0    0    0    0    0    0]
 [   0    0    4    0    2    0    0    0    0    0    0    0    3    0
     0    0    0    0    3    0    0    0    0    0    0    0]
 [   0    2    0    0    2    0    0    5    0    0    0    0    0    0
     1    0    0    0    0    2    0    0    0    0    0    0]
 [   0    1    0    1    0    0    0    0    0    0    0    0    0    0
     0    0    0    0    0    0    1    0    0    0    0    0]
 [   0    0    0    0    0    0    3    0    0    0    0    0    0    0
     0    0    0    0    0    0    0    1    0    0    0    0]
 [   0    0    0    0    0    0    0    0    1    0    0    0    0    0
     0    0    0    0    0    0    0    0    0    0    0    0]
 [   0    0    0    0    0    0    1    0    0    0    0    0    0    0
     0    0    0    0    0    0    0    0    0    0    0    0]
 [   0    0    0    0    0    0    0    0    0    0    0    0    0    0
     0    0    0    0    0    0    1    0    0    0    0    0]
 [   0    0    0    0    0    0    1    0    0    0    0    0    0    0
     0    0    0    0    0    0    0    0    0    0    0    0]]