[[10841    32     0     3     4     1     0     0     0     4     1     0
      0     0     0]
 [  193  1381     0     1     5     0     0     0     0     0     0     0
      0     0     0]
 [   13     0    12     0     1     0     0     0     0     0     0     0
      0     0     0]
 [    6     6     0     3     0     0     0     0     0     0     0     0
      0     0     0]
 [   16     4     0     0    47     0     0     0     0     0     0     0
      0     0     0]
 [   11     0     0     0     0     0     0     0     0     0     0     0
      0     0     0]
 [   16     0     0     0     0     0     3     0     0     0     0     0
      0     0     0]
 [    7     2     0     0     0     0     0    13     0     0     0     0
      0     0     0]
 [    3     1     1     0     1     0     0     1     0     0     0     0
      0     0     0]
 [   38     0     0     0     0     0     0     0     0     0     0     0
      0     0     0]
 [   21     2     0     0     0     0     0     0     0     0     0     0
      0     0     0]
 [    1     2     0     0     0     0     0     0     0     0     0     0
      0     0     0]
 [    1     3     1     0     0     0     0     0     0     0     0     0
      0     0     0]
 [    1     2     0     0     0     0     0     0     0     0     0     0
      0     0     0]
 [    3     0     0     0     0     0     0     0     0     0     0     0
      0     0     0]]