             precision    recall  f1-score   support

        với       0.97      1.00      0.98     10886
        vội       0.96      0.87      0.92      1580
        vòi       0.86      0.46      0.60        26
        voi       0.43      0.20      0.27        15
        vời       0.81      0.70      0.75        67
        vói       0.00      0.00      0.00        11
        Với       1.00      0.16      0.27        19
        vôi       0.93      0.59      0.72        22
        vợi       0.00      0.00      0.00         7
        vớI       0.00      0.00      0.00        38
        vơi       0.00      0.00      0.00        23
        vộI       0.00      0.00      0.00         3
        vọi       0.00      0.00      0.00         5
        Vội       0.00      0.00      0.00         3
        VỚI       0.00      0.00      0.00         3

avg / total       0.96      0.97      0.96     12708
