             precision    recall  f1-score   support

        vốn       0.98      1.00      0.99       988
        Vốn       1.00      0.60      0.75         5
        von       1.00      0.75      0.86         4
        vởn       0.50      1.00      0.67         5
        vờn       1.00      0.11      0.19        19
        vớn       0.00      0.00      0.00         1
        vỏn       1.00      0.89      0.94         9
        vồn       0.00      0.00      0.00         2
        vỗn       0.00      0.00      0.00         1
        vón       0.00      0.00      0.00         2

avg / total       0.97      0.97      0.96      1036
