             precision    recall  f1-score   support

       vòng       0.92      0.93      0.92       681
       vọng       0.92      0.96      0.94       948
       vong       0.93      0.86      0.89       118
       Vọng       0.97      0.76      0.85        37
       vồng       1.00      0.79      0.88        24
       vông       0.00      0.00      0.00         3
       võng       0.92      0.50      0.65        22
       Vòng       0.00      0.00      0.00         2
       Vong       0.60      0.27      0.37        11

avg / total       0.92      0.92      0.92      1846
