             precision    recall  f1-score   support

         vũ       0.79      0.84      0.82       323
         vụ       0.87      0.93      0.90       632
         Vũ       0.97      0.96      0.97       917
         Vụ       0.97      0.75      0.84       126
         vù       0.98      0.90      0.94        59
         Vu       0.80      0.81      0.81       397
         vu       0.73      0.68      0.70       254
         vừ       0.00      0.00      0.00         1
         VU       0.00      0.00      0.00         1
         vú       0.00      0.00      0.00         4
         VŨ       0.00      0.00      0.00         1

avg / total       0.88      0.88      0.88      2715
