[[271  26  11   1   0   8   6   0   0   0   0]
 [ 23 589   9   1   0  10   0   0   0   0   0]
 [ 17   8 882   0   1   8   1   0   0   0   0]
 [  1  23   2  94   0   4   2   0   0   0   0]
 [  3   1   0   0  53   2   0   0   0   0   0]
 [ 10   6   2   1   0 323  55   0   0   0   0]
 [ 14  19   3   0   0  46 172   0   0   0   0]
 [  0   1   0   0   0   0   0   0   0   0   0]
 [  0   0   0   0   0   1   0   0   0   0   0]
 [  2   2   0   0   0   0   0   0   0   0   0]
 [  1   0   0   0   0   0   0   0   0   0   0]]