[[4870    2    7    5    0    0    0    0    0    1    0]
 [  46   61    0    0    0    0    0    0    0    0    0]
 [  65    0  179  114    0    0    0    0    0    0    0]
 [  20    1   92  188    0    0    0    0    0    0    0]
 [   3    0    0    0    0    0    0    0    0    0    0]
 [   1    0    0    0    0    0    0    0    0    0    0]
 [   1    0    0    0    0    0    0    0    0    0    0]
 [   0    0    1    0    0    0    0    0    0    0    0]
 [   1    0    0    0    0    0    0    0    0    0    0]
 [   0    0    0    0    0    0    0    0    0    0    0]
 [   1    0    0    0    0    0    0    0    0    0    0]]