             precision    recall  f1-score   support

        vừa       0.97      1.00      0.98      4885
        Vừa       0.95      0.57      0.71       107
        vua       0.64      0.50      0.56       358
        Vua       0.61      0.62      0.62       301
        vùa       0.00      0.00      0.00         3
        vưa       0.00      0.00      0.00         1
        vửa       0.00      0.00      0.00         1
        Vuạ       0.00      0.00      0.00         1
        vựa       0.00      0.00      0.00         1
        vưà       0.00      0.00      0.00         0

avg / total       0.93      0.94      0.93      5659
