             precision    recall  f1-score   support

       vững       0.88      0.93      0.91       207
       vùng       0.91      0.91      0.91       501
       vung       0.93      0.95      0.94       640
       vũng       0.91      0.64      0.75        45
       vụng       1.00      0.88      0.94        41
       vừng       1.00      0.86      0.92         7
       VụNG       0.00      0.00      0.00         1
       Vùng       0.00      0.00      0.00         4
       Vũng       0.00      0.00      0.00         2

avg / total       0.91      0.92      0.92      1448
