[[1338  326    2    4    0    0    0    0    0    0    0    0    0]
 [ 275 1978    0    3    0    1    0    0    0    0    0    0    0]
 [   9   16   19    0    0    0    0    0    0    0    0    0    0]
 [  14    5    0   27    0    0    0    0    0    0    0    0    0]
 [   0    1    0    0   19    0    0    0    0    0    0    0    0]
 [   1    0    0    0    0    0    0    0    0    0    0    0    0]
 [   1    0    0    0    0    0    0    0    0    0    0    0    0]
 [   0    1    0    0    0    0    0    0    0    0    0    0    0]
 [   1    0    0    0    0    0    0    0    0    0    0    0    0]
 [   0    1    0    0    0    0    0    0    0    0    0    0    0]
 [   0    1    0    0    0    0    0    0    0    0    0    0    0]
 [   1    0    0    0    0    0    0    0    0    0    0    0    0]
 [   1    0    0    0    0    0    0    0    0    0    0    0    0]]