             precision    recall  f1-score   support

      vương       0.82      0.80      0.81      1670
      Vương       0.85      0.88      0.86      2257
      vướng       0.90      0.43      0.58        44
      vuông       0.79      0.59      0.68        46
      vượng       1.00      0.95      0.97        20
      vuơng       0.00      0.00      0.00         1
      vưởng       0.00      0.00      0.00         1
      Vưong       0.00      0.00      0.00         1
      vưỡng       0.00      0.00      0.00         1
      Vuơng       0.00      0.00      0.00         1
      VƯơng       0.00      0.00      0.00         1
      VươNG       0.00      0.00      0.00         1
      vường       0.00      0.00      0.00         1

avg / total       0.83      0.84      0.83      4045
