             precision    recall  f1-score   support

         Xã       1.00      0.67      0.80        12
         xa       0.91      0.99      0.94      1613
         xà       0.94      0.70      0.80       128
         xạ       0.85      0.68      0.76       145
         Xạ       1.00      0.75      0.86         4
         xả       0.81      0.44      0.57        48
         Xá       0.96      0.90      0.93        51
         xá       0.77      0.49      0.60        83
         xã       0.86      0.71      0.77        68
         Xà       0.83      0.86      0.84        84
         Xa       0.84      0.52      0.64        31
         Xả       1.00      0.50      0.67         2

avg / total       0.89      0.90      0.89      2269
