[[   8    2    0    0    0    0    0    0    2    0    0    0]
 [   0 1591    3    6    0    0    1    9    1    1    1    0]
 [   0   17   90    3    0    1    1    1    0   14    1    0]
 [   0   42    0   99    0    2    0    0    2    0    0    0]
 [   0    0    0    1    3    0    0    0    0    0    0    0]
 [   0   20    0    4    0   21    0    0    3    0    0    0]
 [   0    3    0    0    0    0   46    2    0    0    0    0]
 [   0   40    0    2    0    0    0   41    0    0    0    0]
 [   0   19    0    1    0    0    0    0   48    0    0    0]
 [   0    7    3    0    0    1    0    0    0   72    1    0]
 [   0   15    0    0    0    0    0    0    0    0   16    0]
 [   0    0    0    0    0    1    0    0    0    0    0    1]]