             precision    recall  f1-score   support

        xâm       0.96      0.95      0.95       138
        xám       0.86      0.97      0.91       115
        xẩm       0.00      0.00      0.00         4
        xăm       0.89      0.89      0.89        37
        xàm       1.00      0.75      0.86         4
        xầm       1.00      0.67      0.80         3
        xạm       0.00      0.00      0.00         3
        xam       0.00      0.00      0.00         2
        Xám       0.00      0.00      0.00         1
        xẫm       0.00      0.00      0.00         1

avg / total       0.88      0.91      0.89       308
