             precision    recall  f1-score   support

         xe       0.91      0.98      0.95       753
         xé       0.84      0.76      0.80       153
         xế       1.00      0.75      0.86        24
         xẻ       0.92      0.41      0.56        27
         Xe       0.00      0.00      0.00        15
         xè       0.00      0.00      0.00         0
         xê       0.00      0.00      0.00         1
         xẹ       0.00      0.00      0.00         3
         xể       0.00      0.00      0.00         4

avg / total       0.88      0.90      0.89       981
