             precision    recall  f1-score   support

         xỉ       0.85      0.69      0.76        16
         xí       0.90      0.92      0.91        39
         Xỉ       0.98      1.00      0.99        80
         xì       0.82      1.00      0.90        28
         xi       1.00      0.33      0.50         6
         xĩ       0.00      0.00      0.00         1
         Xi       0.00      0.00      0.00         0
         Xí       0.00      0.00      0.00         1
         Xì       1.00      0.50      0.67         2

avg / total       0.91      0.91      0.90       174
