             precision    recall  f1-score   support

         xó       0.90      0.93      0.92        30
         xô       0.69      0.91      0.78        77
         xỏ       0.78      0.41      0.54        17
         xọ       0.67      1.00      0.80         2
         xổ       0.96      0.88      0.92        92
         xồ       0.00      0.00      0.00         1
         xơ       1.00      0.44      0.62         9
         xở       1.00      1.00      1.00         4
         xo       0.00      0.00      0.00         1
         xộ       0.00      0.00      0.00         1
         Xô       1.00      0.50      0.67         6

avg / total       0.84      0.83      0.82       240
