             precision    recall  f1-score   support

        xõa       0.80      0.62      0.70        13
        xoa       0.79      0.98      0.87        99
        xòa       0.88      0.88      0.88        17
        xóa       0.59      0.57      0.58        40
        xoá       0.00      0.00      0.00        11
        xoã       0.00      0.00      0.00         5
        xỏa       0.00      0.00      0.00         5
        Xoa       0.00      0.00      0.00         2
        xoà       0.00      0.00      0.00         3

avg / total       0.65      0.73      0.69       195
