             precision    recall  f1-score   support

         xử       0.91      0.98      0.95       333
         xứ       0.92      0.70      0.79        63
         xú       0.79      0.87      0.83        30
         xu       0.75      0.45      0.56        20
         xù       0.00      0.00      0.00         1
         Xú       1.00      0.20      0.33         5
         Xứ       0.00      0.00      0.00         6
         xụ       0.00      0.00      0.00         2
         Xử       0.75      0.94      0.83        16

avg / total       0.87      0.89      0.87       476
