             precision    recall  f1-score   support

      xuống       0.97      1.00      0.98      4043
      xương       0.93      0.75      0.83       294
      Xương       0.96      0.91      0.93       266
      xướng       0.67      0.09      0.16        22
      xuơng       0.00      0.00      0.00         1
      xuồng       0.00      0.00      0.00         3
      Xuống       1.00      0.20      0.33         5
      xưống       0.00      0.00      0.00         2
      xưởng       1.00      0.29      0.44         7
      xuông       0.00      0.00      0.00         4

avg / total       0.96      0.97      0.96      4647
