             precision    recall  f1-score   support

          ý       0.93      0.91      0.92      3865
          y       0.91      0.95      0.93      5668
          Ý       0.00      0.00      0.00        14
          Y       0.81      0.59      0.69       390
          ỷ       0.94      0.54      0.68        84
          ỳ       0.00      0.00      0.00         5
          ỹ       0.82      0.90      0.86        10
          ỵ       0.00      0.00      0.00         7
          Ỷ       0.89      0.44      0.59        18

avg / total       0.91      0.92      0.91     10061
