             precision    recall  f1-score   support

        yếu       0.95      0.90      0.92       551
        yêu       0.92      0.96      0.94      1403
        Yêu       0.75      0.63      0.68       179
        yểu       1.00      0.93      0.97        46
        yeu       0.00      0.00      0.00         0
        Yếu       0.00      0.00      0.00         1
        yéu       0.00      0.00      0.00         1
        yếụ       0.00      0.00      0.00         1

avg / total       0.91      0.91      0.91      2183
